986 2924
174 395
621 396
289 739
879 791
276 788
794 969
689 959
927 216
589 862
113 270
167 855
354 487
711 44
769 91
56 101
457 860
576 977
44 356
524 491
926 606
345 878
17 654
164 128
884 535
361 291
686 190
557 72
627 473
59 299
215 211
226 427
670 310
156 789
962 447
782 961
588 363
473 911
476 909
38 140
493 564
497 859
887 851
363 958
35 557
384 312
60 547
614 643
528 730
160 964
713 568
712 962
170 229
652 750
119 643
565 813
5 53
885 907
579 208
277 267
274 675
365 941
245 188
616 544
714 149
787 108
717 979
298 355
364 188
953 18
46 183
776 74
667 166
117 227
299 599
472 972
293 738
744 24
312 219
729 95
575 742
221 267
633 238
427 46
195 593
532 304
937 877
666 731
354 210
598 506
135 724
548 208
14 667
162 789
583 617
253 39
570 475
561 684
38 669
475 21
702 265
244 564
423 679
281 460
717 703
497 401
445 742
800 896
304 229
472 700
682 531
437 573
765 697
4 112
578 576
668 143
542 63
853 304
249 623
529 26
158 292
658 501
685 385
661 782
591 534
873 789
582 490
158 439
949 925
895 58
272 609
148 188
153 175
687 580
62 825
943 101
198 531
428 397
611 141
350 419
336 638
981 968
840 873
658 755
259 314
498 107
264 655
905 647
984 392
451 979
231 529
511 927
583 79
421 574
903 494
76 412
64 277
427 331
964 626
56 986
200 735
809 695
534 755
849 536
813 562
405 257
515 127
251 252
470 736
128 865
591 56
494 901
760 252
616 683
674 97
473 219
275 611
312 727
496 84
578 709
337 689
396 37
512 251
344 974
130 232
611 877
465 820
512 293
805 118
682 182
519 663
133 254
463 667
539 629
762 494
229 138
348 347
693 672
531 799
288 121
786 152
809 590
627 27
241 372
211 123
3 552
98 333
117 95
598 518
329 921
242 150
703 434
30 130
676 215
860 514
921 673
160 78
65 363
618 604
213 472
660 934
833 752
937 639
932 270
798 747
88 878
17 342
713 945
314 880
367 720
850 705
669 283
67 456
968 503
359 318
453 125
577 274
484 37
263 703
820 325
222 41
754 449
78 586
484 805
801 237
345 614
350 415
339 289
609 248
181 756
388 869
287 854
660 412
842 539
660 518
935 554
239 169
690 10
838 772
438 369
296 757
225 612
580 58
139 730
543 525
160 549
396 203
659 589
269 542
898 206
440 277
38 561
919 562
167 207
172 495
415 818
411 270
110 152
628 480
520 297
227 403
853 171
841 889
128 252
917 633
845 527
406 333
740 872
461 563
857 89
415 529
514 247
381 129
346 869
98 696
869 375
180 236
474 603
344 88
479 901
45 112
82 839
313 92
89 852
255 52
208 515
208 103
600 386
15 985
825 613
953 83
129 174
576 583
23 340
189 385
192 848
372 777
266 564
621 382
457 762
746 49
338 537
57 703
552 436
829 706
887 76
730 185
532 646
159 572
716 687
255 61
810 586
900 773
56 645
82 571
780 294
160 785
161 456
34 822
680 423
81 174
7 66
909 791
303 632
416 687
736 930
37 518
710 376
839 747
74 22
721 548
792 500
387 399
762 686
135 224
343 808
87 214
507 793
625 94
588 755
257 114
739 543
169 240
958 432
109 827
92 325
346 568
682 869
442 372
61 616
492 178
187 812
726 815
513 225
309 964
589 327
475 484
426 381
799 682
15 790
825 849
110 197
347 149
220 669
857 934
298 819
355 944
29 487
346 39
592 851
151 425
894 981
3 974
171 653
300 47
652 338
713 661
435 529
715 828
756 416
677 90
638 900
807 462
860 134
554 290
629 20
630 130
99 972
11 258
32 909
452 526
734 555
309 41
687 755
50 136
982 437
138 644
34 295
127 29
256 346
829 350
408 934
244 468
924 118
801 485
948 380
889 157
492 80
570 258
445 795
139 871
284 415
959 773
160 149
393 484
307 413
71 731
669 599
839 107
472 673
73 558
806 762
606 743
386 496
317 434
301 227
432 30
442 986
586 883
589 965
461 44
592 833
493 785
259 361
206 431
226 908
872 465
528 371
892 12
674 187
676 832
861 550
24 553
590 906
699 596
683 43
960 852
794 663
784 481
475 958
184 908
651 550
637 102
916 957
291 950
315 467
156 386
876 592
806 588
457 19
773 285
613 94
372 279
949 124
608 434
630 691
187 386
675 378
213 873
330 591
115 476
615 12
526 921
731 784
358 418
616 688
121 118
326 274
203 37
938 912
778 492
875 503
258 315
412 980
535 780
938 803
243 235
81 132
216 466
745 285
400 190
183 8
810 505
356 470
585 575
324 703
586 726
588 694
366 541
242 599
614 690
939 804
119 362
232 908
46 371
637 233
105 296
13 399
758 971
115 601
654 717
871 438
3 939
551 142
437 175
493 66
647 838
409 83
930 265
270 446
145 569
578 40
679 956
311 705
96 771
688 583
651 589
945 18
884 414
560 508
488 369
749 51
309 122
925 93
754 17
129 594
760 973
836 917
156 536
553 551
903 698
755 141
30 541
235 541
401 632
368 442
900 163
441 911
426 221
135 40
174 584
484 608
874 746
985 768
216 109
199 802
400 276
109 798
367 48
444 69
7 131
579 870
12 539
378 634
35 183
492 112
13 812
517 344
663 980
245 159
651 948
652 62
357 768
235 89
493 326
499 540
907 671
962 402
692 577
548 667
418 586
291 383
955 196
885 80
957 355
371 576
979 181
106 873
324 502
91 410
735 562
409 898
659 898
659 569
275 909
348 45
556 1
580 971
34 937
342 726
807 294
901 248
817 675
980 521
980 966
729 340
529 599
365 277
560 742
101 714
923 891
194 617
953 573
692 341
181 285
755 952
833 838
687 452
287 305
912 493
639 742
818 260
70 20
774 475
261 572
761 131
174 22
49 210
867 248
548 252
297 685
310 588
422 394
99 190
542 982
527 285
527 647
396 395
347 956
828 390
692 451
808 704
864 775
891 602
871 636
638 857
511 860
663 848
943 210
407 369
815 372
70 725
899 412
295 831
460 541
705 477
146 412
304 348
857 412
308 694
362 677
532 140
660 953
93 72
629 137
828 970
368 676
615 967
49 482
747 215
547 946
370 325
208 807
869 734
856 723
547 204
713 930
789 151
816 864
728 397
504 343
358 923
817 650
178 664
638 105
910 210
688 884
919 725
867 614
209 941
356 287
862 90
723 39
615 77
393 380
747 672
768 231
627 557
880 348
102 516
322 445
215 895
290 233
54 452
788 149
113 352
388 251
172 5
523 823
800 144
620 369
286 5
842 669
459 717
243 168
315 759
707 706
616 941
230 520
356 851
305 106
108 743
713 447
552 522
282 516
282 241
502 279
378 173
967 616
537 637
189 552
333 899
619 642
429 143
13 773
454 724
267 198
828 664
282 403
690 52
267 333
929 962
861 510
241 830
792 827
630 358
905 41
94 360
673 453
233 304
881 90
866 27
99 558
302 5
583 154
886 964
897 557
716 679
787 625
865 686
186 73
385 978
189 545
758 585
891 331
139 117
840 561
565 369
143 655
238 214
129 610
207 504
577 825
482 201
718 14
32 717
342 112
414 541
864 843
775 177
27 424
84 228
488 207
92 575
129 406
735 967
115 368
868 175
772 360
139 899
835 446
654 652
80 448
505 325
274 607
982 178
408 533
138 479
673 312
503 453
623 121
401 29
737 912
937 227
62 476
580 247
176 245
323 102
842 253
55 248
851 9
908 448
130 279
281 28
597 368
483 509
212 143
915 511
458 382
611 396
885 96
172 935
84 276
28 617
285 523
252 405
812 727
831 117
636 952
801 34
471 790
454 584
733 515
742 739
534 946
512 485
986 292
923 780
114 769
498 535
337 968
446 832
472 172
917 820
337 150
976 311
620 317
234 739
13 973
772 733
575 679
26 65
579 237
838 882
140 518
968 596
365 39
94 260
552 666
875 877
287 444
15 652
641 152
436 780
613 204
188 604
120 709
979 955
344 472
36 963
662 188
614 528
559 497
980 154
395 491
786 921
401 445
458 550
129 590
957 11
315 688
151 355
136 904
620 784
531 330
897 811
400 781
935 823
277 526
527 940
501 954
814 581
208 491
107 169
309 584
628 426
193 484
350 914
541 163
870 91
796 113
231 200
585 554
571 26
971 395
578 767
867 919
655 865
768 139
662 294
334 937
922 102
891 221
152 496
470 791
904 725
773 39
353 369
633 236
562 826
392 457
299 887
841 530
79 628
313 73
166 485
828 888
775 291
889 400
852 12
203 477
943 477
425 574
609 589
375 140
315 36
765 847
785 657
826 821
443 667
500 21
916 188
961 256
743 445
321 97
267 944
489 736
739 704
3 567
524 646
468 871
507 388
367 453
114 747
423 375
688 678
943 813
195 291
858 97
355 530
417 559
64 218
444 619
393 898
157 218
750 807
34 577
201 983
185 621
812 976
907 210
377 246
98 432
860 415
805 767
443 439
796 124
817 161
160 684
251 455
930 333
542 410
326 856
274 370
93 558
928 853
974 73
759 973
595 788
979 126
854 547
641 76
788 600
53 809
336 155
425 188
61 203
391 37
268 491
680 304
683 358
258 762
955 960
795 919
174 592
484 979
138 746
143 224
382 317
351 269
814 654
670 580
529 336
267 249
622 136
770 602
473 842
220 319
579 352
551 552
160 530
773 294
623 294
718 85
369 247
372 9
559 69
265 858
803 761
736 143
706 522
737 266
710 194
415 919
243 405
935 356
579 610
924 171
930 351
417 205
498 432
922 69
32 425
451 810
843 134
184 958
942 318
617 386
104 918
212 95
257 829
978 63
563 449
29 122
917 76
655 986
589 98
754 825
633 499
691 421
801 421
362 238
476 122
705 1
724 208
409 618
543 518
985 382
806 380
115 740
477 320
703 204
674 962
677 60
762 936
855 203
87 802
198 287
734 17
304 782
400 966
311 926
884 886
887 893
274 28
441 399
278 225
64 855
670 390
395 903
437 609
464 508
722 111
267 148
431 7
589 457
71 950
886 465
44 66
372 780
191 200
858 929
561 310
32 867
855 329
665 240
370 227
776 695
505 309
156 732
654 327
201 304
343 824
975 324
642 483
724 15
172 956
876 655
827 782
295 55
77 302
464 386
48 60
102 835
213 265
303 637
682 768
800 748
523 45
688 433
174 155
191 797
175 248
505 689
142 958
715 415
879 510
93 287
661 610
269 410
44 709
320 496
356 406
874 193
123 485
587 274
328 762
215 225
167 430
867 441
133 362
227 387
375 657
102 572
162 523
105 374
553 234
978 361
888 204
612 137
450 507
717 279
419 428
862 832
774 669
524 615
563 686
620 504
967 357
93 963
683 280
477 420
27 323
319 747
692 87
162 348
734 885
532 821
644 210
365 676
603 673
226 298
970 480
348 294
645 643
136 137
958 257
249 868
809 394
151 597
335 295
474 544
983 518
271 881
200 793
631 804
367 301
833 684
687 571
136 694
835 106
585 60
967 164
823 110
702 414
498 287
406 764
836 574
377 380
621 33
417 259
843 107
368 644
258 488
387 193
830 887
443 467
678 394
861 579
310 865
386 795
672 24
869 361
65 344
545 598
984 615
437 733
404 800
538 575
887 85
84 520
323 816
716 353
515 334
43 433
443 948
425 705
484 325
248 565
908 295
568 474
787 824
648 18
960 863
703 57
193 703
486 560
505 791
606 858
130 380
877 166
3 768
317 351
429 411
895 662
73 433
131 391
77 639
208 173
907 778
858 686
532 88
110 531
218 44
541 652
599 725
871 848
267 283
985 79
328 976
737 340
722 589
761 43
356 744
657 221
485 972
894 258
783 864
163 427
424 755
150 744
44 293
463 193
140 471
237 294
963 127
194 670
565 872
509 492
914 486
805 730
152 639
756 709
189 921
762 236
321 959
626 524
327 129
438 859
826 800
42 621
8 191
496 770
653 785
220 520
34 25
490 122
716 541
932 546
203 249
826 915
500 951
676 914
152 451
663 818
945 119
157 78
58 440
666 334
843 833
759 234
390 395
727 406
777 575
893 309
182 420
93 428
771 137
105 113
388 632
466 948
840 121
946 771
906 470
701 232
667 985
797 373
211 325
307 761
364 272
2 888
233 935
840 717
363 830
896 404
237 793
257 430
775 537
500 860
467 419
345 661
858 802
145 686
633 232
312 127
208 944
835 672
33 187
109 112
971 285
443 190
597 529
925 356
677 904
220 336
440 477
96 591
810 970
706 117
302 967
393 444
439 268
718 174
313 629
150 97
448 892
466 458
57 602
505 272
783 727
418 82
607 846
976 59
706 279
598 297
857 596
439 178
470 346
914 443
861 405
774 931
278 178
136 50
516 888
345 886
880 236
646 690
703 551
578 713
945 288
106 659
771 252
593 396
292 50
621 114
843 685
509 797
853 153
58 183
963 104
784 128
620 981
501 113
298 777
156 511
671 125
690 867
547 758
269 323
170 618
203 451
704 454
763 139
488 294
767 597
971 435
961 979
371 329
244 249
488 555
413 191
141 26
513 708
511 731
739 499
333 531
27 360
673 603
394 348
235 423
254 129
719 386
944 936
410 124
84 576
413 918
566 137
201 484
221 579
955 642
208 440
562 513
83 85
51 914
54 726
716 365
735 403
505 97
468 83
968 209
785 781
976 401
264 728
744 909
321 844
765 521
749 132
56 858
844 408
666 840
921 448
443 331
873 274
638 18
380 742
882 237
648 525
739 3
44 955
906 816
546 862
893 491
749 422
257 316
445 261
247 921
175 236
34 413
680 151
75 453
516 549
169 693
396 94
87 704
184 331
864 904
23 153
724 951
104 600
525 845
732 74
774 798
818 210
620 202
410 754
506 973
512 984
949 291
132 131
423 956
284 70
855 921
586 415
54 311
37 654
521 418
24 198
832 51
697 15
979 891
567 597
145 823
239 179
496 115
405 338
409 151
192 257
104 750
46 529
893 519
316 907
635 487
516 388
576 423
43 960
546 278
334 82
640 201
948 434
496 337
729 760
253 138
642 573
346 642
665 731
296 541
812 939
281 674
121 53
643 98
898 851
320 723
925 10
580 631
547 981
529 36
274 786
393 282
832 353
931 633
702 969
39 856
498 36
557 720
980 892
286 336
566 253
487 721
185 86
704 886
335 118
48 746
375 266
903 851
731 530
272 541
510 413
982 763
777 350
744 50
139 312
893 68
323 433
287 46
623 218
326 942
862 187
882 557
594 483
248 956
68 369
645 211
287 17
453 884
699 433
383 696
558 963
479 67
340 621
474 731
554 885
960 664
260 529
444 342
785 323
531 195
589 499
553 210
165 65
682 445
263 233
920 789
461 64
44 40
7 180
154 536
123 148
505 721
414 515
291 567
439 521
252 186
439 260
422 137
431 572
526 819
194 296
341 55
414 407
811 545
521 478
959 963
285 197
589 929
364 720
647 722
437 683
148 5
523 486
339 770
939 829
172 786
430 64
179 397
439 573
385 639
150 67
735 901
254 407
715 739
290 865
917 94
39 467
921 288
558 175
504 897
581 833
188 162
182 798
699 794
451 374
777 15
779 287
947 174
383 599
277 38
43 239
845 413
395 976
331 514
413 748
345 437
774 751
792 746
191 423
614 51
85 378
965 427
958 572
979 409
724 710
622 393
550 496
807 852
973 97
704 373
231 205
415 975
137 720
643 616
271 427
368 603
679 677
21 42
781 458
669 893
345 650
605 369
128 635
747 599
25 659
639 507
859 945
328 751
365 606
25 969
428 258
194 413
950 411
803 596
112 195
294 479
551 864
390 832
613 654
10 792
109 340
588 124
914 939
455 439
633 912
426 126
707 972
446 117
882 656
307 913
255 282
934 286
593 707
445 193
608 92
752 519
401 325
19 114
241 6
593 297
650 938
230 105
635 456
614 689
375 793
359 14
363 817
816 44
937 181
494 249
481 814
842 359
975 474
517 887
735 704
972 711
229 965
162 85
933 18
882 397
419 638
24 697
649 16
577 595
893 228
89 873
873 640
36 61
783 234
290 183
129 550
167 671
724 224
388 728
447 928
639 513
413 358
860 680
967 14
37 69
55 977
681 406
299 188
781 699
909 860
821 581
716 523
494 791
290 165
845 205
928 539
504 456
6 852
735 784
848 887
810 946
961 392
542 42
177 503
303 740
751 453
182 64
845 459
593 114
667 809
5 351
946 866
855 150
863 763
612 620
25 820
432 526
942 707
447 501
340 17
782 936
14 342
839 532
254 961
190 425
444 937
563 750
695 769
326 632
424 785
691 693
559 47
771 632
216 659
654 842
74 167
737 272
612 465
716 375
277 15
964 479
886 376
298 40
318 725
984 124
685 167
624 621
198 101
82 15
724 930
747 259
476 469
764 387
591 178
828 576
704 899
782 11
253 455
111 546
516 631
924 296
121 685
565 644
983 149
92 576
481 532
655 391
230 754
657 60
950 596
805 204
2 852
424 340
41 746
72 635
405 195
532 17
920 819
116 364
760 562
28 682
452 712
285 714
418 237
275 153
888 951
410 619
428 316
249 822
123 99
513 447
309 463
41 308
846 158
614 764
816 328
319 785
746 338
91 638
590 814
220 557
385 93
706 538
764 351
271 101
92 816
218 631
189 960
506 151
4 459
835 169
485 85
363 664
834 259
588 343
127 853
208 907
890 20
708 115
859 562
772 878
437 766
268 56
96 816
49 794
854 700
513 289
861 497
865 323
403 252
700 587
907 233
325 526
397 433
510 805
685 699
157 539
114 581
12 903
65 809
566 506
789 443
936 129
384 590
97 976
757 503
769 81
652 69
344 183
215 577
898 197
689 595
421 936
64 54
869 708
321 86
542 853
20 862
973 219
901 217
761 608
796 33
826 832
451 615
14 599
881 817
454 366
221 678
448 417
332 623
117 834
140 985
610 317
570 415
331 772
304 653
450 986
400 837
39 193
888 496
586 348
839 816
915 643
157 129
497 592
368 643
544 540
319 491
121 787
984 946
417 641
729 294
787 730
517 807
494 184
974 13
465 3
214 390
106 375
790 896
535 754
223 732
438 810
980 344
639 787
896 525
72 266
309 616
550 926
681 10
24 771
977 121
979 928
266 797
598 906
252 19
783 625
217 106
446 226
439 826
792 615
851 657
854 911
945 628
984 324
674 599
471 815
684 637
153 195
597 760
267 778
141 354
324 902
915 614
770 49
534 155
187 44
831 282
576 359
686 507
930 482
687 456
127 734
896 179
132 555
304 522
636 651
87 147
827 109
939 385
479 472
812 234
727 59
106 470
822 673
933 680
536 627
28 816
322 75
397 38
860 130
775 133
664 354
544 264
712 153
110 208
711 60
426 678
650 83
470 551
733 312
165 828
494 226
973 522
103 694
777 487
653 652
122 206
754 836
811 950
22 14
408 67
217 355
145 14
789 472
452 91
80 144
381 248
390 381
743 33
674 469
642 631
22 360
118 363
104 539
467 84
412 595
515 441
591 569
278 475
354 181
501 258
11 86
433 927
308 105
474 292
902 847
209 420
909 823
794 305
470 461
55 203
662 81
34 706
332 422
44 787
596 288
83 792
569 847
520 461
276 176
7 501
543 199
232 599
414 393
414 834
950 304
770 353
579 70
932 434
104 102
213 332
31 821
986 953
697 893
526 626
828 699
794 33
153 274
783 875
879 518
164 300
901 699
703 190
961 267
618 457
768 469
868 334
525 166
583 368
883 682
151 260
870 41
604 93
604 906
534 933
811 96
298 760
776 936
817 727
88 395
545 345
30 778
405 100
697 969
242 595
494 576
372 242
893 784
470 244
516 294
937 180
551 728
799 537
427 892
891 941
602 255
657 821
341 324
179 25
180 393
186 400
760 970
408 95
942 107
534 531
214 120
458 422
628 193
136 250
689 323
448 165
197 865
309 18
577 905
242 23
847 219
399 690
198 874
658 955
418 426
2 736
404 172
79 584
890 714
725 70
428 202
567 89
245 862
972 527
395 825
257 470
791 831
385 894
873 937
485 152
886 928
110 730
789 261
814 223
440 172
286 319
139 450
601 823
86 756
288 96
287 551
898 712
689 2
835 63
727 117
450 652
271 398
735 672
404 187
690 99
446 672
341 736
214 598
86 411
243 188
112 2
973 358
193 467
42 233
894 298
178 584
16 108
454 933
476 869
241 40
294 711
577 505
595 902
119 913
428 812
50 91
585 105
731 653
533 777
879 70
60 475
314 394
136 59
624 710
73 155
533 890
257 439
884 162
740 239
764 584
193 530
140 498
892 495
688 704
16 570
952 503
882 72
556 777
299 162
668 499
55 385
959 220
289 7
571 687
165 327
228 599
842 286
356 699
249 660
947 813
51 352
551 945
951 103
979 307
249 978
567 584
239 747
333 296
406 230
605 763
15 44
774 262
979 474
338 558
212 574
709 408
123 109
735 290
25 67
482 881
51 361
804 873
716 27
70 477
128 441
458 301
572 368
448 331
434 306
162 431
296 303
796 68
654 403
816 756
939 19
314 325
378 846
137 159
836 66
711 509
272 182
443 494
688 542
985 569
803 831
164 567
330 795
789 837
276 307
296 529
693 153
586 485
164 390
498 334
388 241
527 648
230 462
626 594
291 80
964 361
662 490
850 906
745 986
210 928
121 267
161 845
459 672
882 902
83 268
576 343
564 136
806 197
44 174
445 51
708 325
176 387
927 229
547 660
861 182
678 468
387 230
888 268
942 41
856 501
491 426
554 132
497 458
904 278
979 56
195 72
620 850
342 647
898 194
772 277
77 457
683 242
519 189
248 468
265 154
854 692
532 802
737 784
183 108
646 64
333 379
582 429
692 552
255 373
864 631
178 216
123 882
634 177
624 562
20 44
952 88
334 467
562 923
784 791
676 986
202 436
845 8
801 605
258 687
3 967
334 649
922 326
228 30
263 521
339 424
985 701
6 824
677 362
660 536
57 146
248 185
176 694
486 87
107 398
366 194
883 84
760 340
869 169
173 51
181 674
242 877
812 447
849 147
398 109
545 135
229 662
647 96
640 72
346 492
632 871
435 962
149 773
867 125
351 788
377 489
565 494
536 807
681 783
477 265
264 533
843 384
609 607
159 408
967 351
553 63
167 957
407 799
375 357
785 220
418 256
954 246
114 4
23 265
460 882
709 27
377 180
51 525
857 706
622 212
810 558
683 48
647 206
293 743
388 297
580 550
928 884
455 920
448 185
664 761
661 521
208 534
282 167
905 933
672 483
436 15
384 288
921 516
847 249
667 623
561 416
432 929
841 944
533 842
53 933
789 176
347 709
137 569
657 840
1 812
401 10
148 159
214 422
810 691
868 123
724 157
441 610
981 255
753 301
362 765
496 487
222 889
80 145
685 801
799 210
159 187
50 975
785 384
215 637
736 210
130 490
921 434
868 780
174 558
28 461
698 729
45 413
127 604
511 166
422 946
939 510
926 937
961 824
253 22
697 13
952 771
577 363
203 443
242 777
494 564
632 566
870 890
854 437
432 300
765 785
567 830
677 159
607 82
420 136
239 84
958 546
942 269
125 845
436 776
295 119
821 375
322 380
168 110
426 499
236 359
255 197
534 560
811 305
312 681
628 145
778 906
157 297
33 379
52 683
188 870
737 40
55 885
81 588
546 526
543 960
675 462
270 491
163 34
898 764
866 50
353 237
261 172
562 910
36 80
143 548
124 868
471 303
972 285
496 46
316 748
812 886
875 555
513 844
950 900
787 848
936 512
556 217
276 926
686 243
542 179
395 539
119 331
311 114
21 974
389 286
78 657
890 411
512 159
818 354
888 684
476 776
974 748
596 166
158 850
179 862
182 515
76 719
690 94
247 477
104 85
858 98
576 823
955 293
421 566
778 355
709 419
233 378
729 541
538 369
588 859
72 46
293 358
534 812
222 546
634 674
684 122
48 923
453 191
750 341
456 657
648 367
78 779
291 945
656 932
236 937
202 460
737 260
44 543
360 273
984 310
861 517
486 947
901 479
557 621
686 446
915 772
674 414
692 421
293 186
689 176
120 480
588 20
154 451
106 405
306 723
533 709
571 638
22 513
21 519
647 136
775 983
605 744
950 652
402 549
27 42
319 887
179 288
415 744
418 814
8 579
595 905
905 110
320 79
84 24
947 807
136 620
785 872
291 862
430 858
259 252
780 266
526 290
12 886
478 432
400 70
772 540
955 219
960 788
892 841
137 618
547 53
877 380
66 448
281 634
966 263
479 850
399 642
246 595
919 573
391 30
854 82
560 967
510 274
591 15
479 395
136 35
689 51
691 230
793 582
491 297
18 955
115 568
859 488
117 804
610 870
189 34
925 35
655 846
189 715
226 183
468 195
396 160
837 82
848 306
434 679
43 904
1 328
330 654
24 148
219 818
484 651
508 447
347 302
405 151
902 575
615 743
727 937
488 392
932 664
570 647
520 432
886 736
978 641
828 203
501 249
462 354
469 283
236 122
820 146
483 946
465 182
232 754
306 72
325 828
749 895
255 608
555 806
738 496
956 319
425 878
889 703
629 287
573 546
614 589
620 515
310 23
343 140
947 613
323 479
311 577
949 298
542 664
181 189
301 534
488 216
568 221
966 360
879 569
241 893
573 31
702 535
224 690
188 99
82 103
814 972
85 639
140 458
810 927
262 242
763 917
824 827
455 964
494 762
759 352
210 338
961 884
245 691
967 919
405 891
462 324
289 914
184 237
96 95
684 688
741 545
25 904
686 162
28 38
319 737
379 736
549 31
324 841
163 227
466 336
910 47
179 35
976 972
18 466
181 902
495 47
613 456
697 106
232 301
69 933
378 897
366 824
149 286
171 442
138 862
852 294
946 649
840 849
106 192
618 826
665 253
221 623
837 976
409 959
429 452
786 610
866 356
532 509
255 59
866 323
645 629
977 151
526 610
786 951
26 623
609 281
275 70
96 761
427 956
345 213
630 705
939 236
962 602
122 405
258 233
161 300
141 899
682 589
828 233
946 596
371 792
815 422
90 583
180 447
593 47
171 81
82 483
525 878
511 313
587 412
272 66
326 734
75 192
442 382
261 96
706 290
9 722
637 484
876 323
306 874
181 334
492 290
241 102
349 477
795 565
67 107
765 587
60 925
822 201
257 617
168 92
496 782
116 548
555 220
376 287
945 79
