1000 9888
546 7
820 986
507 481
592 841
954 800
259 938
189 565
724 478
781 785
367 171
379 171
307 950
655 185
934 320
717 848
351 639
583 357
523 539
510 756
871 372
556 609
351 103
613 656
959 868
150 284
1000 363
435 461
388 846
474 199
91 682
368 501
773 992
460 477
834 206
820 397
499 794
122 63
472 418
917 870
117 243
265 699
278 288
505 30
468 150
841 404
605 595
572 284
921 377
781 8
415 286
499 681
373 128
874 487
512 878
680 52
917 681
899 466
404 988
399 859
168 503
61 465
655 309
746 552
814 914
541 938
466 4
12 184
250 671
470 708
261 727
154 857
909 535
641 345
440 885
837 309
676 885
860 250
256 104
14 985
427 913
603 280
766 244
479 589
501 901
158 452
352 6
831 137
959 452
697 173
492 607
309 191
954 708
920 972
226 623
3 766
794 813
851 692
273 742
147 61
4 850
835 285
137 119
821 133
489 932
385 865
29 338
880 658
501 362
29 451
910 116
550 175
809 871
222 460
403 754
446 692
1 783
329 394
165 20
828 292
477 770
575 729
959 638
897 943
507 535
979 433
355 459
982 548
35 457
974 756
667 28
585 955
841 257
54 598
398 708
793 678
98 298
466 454
747 91
845 714
239 591
535 114
188 799
746 785
58 383
430 541
335 841
304 147
432 88
914 768
935 942
556 417
280 860
779 386
785 757
438 509
902 332
387 785
251 608
15 621
911 528
664 881
974 82
557 154
997 979
765 87
548 419
260 146
552 550
238 457
44 103
831 348
834 592
375 880
862 965
744 693
592 642
789 808
833 616
970 452
104 60
128 213
693 140
532 14
550 872
556 884
134 294
656 802
90 482
308 93
220 865
449 948
467 341
428 662
731 279
437 736
60 637
838 564
708 48
740 350
887 25
302 315
564 44
329 469
881 224
4 251
279 7
890 158
218 531
992 738
528 529
407 95
108 70
753 831
97 819
593 982
965 866
378 844
783 529
715 587
41 179
455 576
541 735
454 107
790 230
190 465
46 86
124 818
286 577
256 920
767 144
879 962
145 647
790 81
101 590
945 216
999 101
417 519
415 244
755 705
662 31
519 642
455 171
465 371
771 184
447 679
728 647
197 844
292 976
901 846
104 604
502 359
685 952
137 610
29 692
765 138
747 387
215 169
533 4
789 106
811 854
918 582
294 395
172 819
142 751
955 572
404 302
261 227
726 505
471 381
211 796
530 556
807 88
419 875
521 311
488 262
825 137
610 753
637 797
773 233
648 318
375 491
232 12
731 371
694 613
611 265
43 853
563 426
87 516
994 999
517 101
541 383
800 39
51 239
752 288
606 415
184 460
459 882
961 20
563 328
472 694
395 714
35 675
472 455
936 310
274 325
972 428
277 738
903 882
448 112
69 384
162 802
667 132
776 366
558 879
887 688
283 302
55 915
909 46
912 350
684 911
454 469
148 736
916 41
170 919
277 452
866 870
266 599
763 639
197 125
969 492
614 454
299 453
528 413
140 979
947 485
586 111
589 828
849 675
664 749
714 105
280 758
667 994
409 22
876 468
344 765
771 832
849 608
903 327
611 995
211 764
675 13
817 236
600 716
729 1000
604 236
556 143
78 255
521 132
9 468
941 323
945 640
12 729
215 34
186 292
333 403
883 654
66 270
158 842
87 228
973 195
907 733
56 247
775 482
804 829
912 976
656 874
313 377
722 743
706 224
190 977
378 337
655 41
512 908
914 57
902 626
445 253
265 335
947 871
582 304
291 715
787 206
133 320
463 969
305 539
507 925
576 954
478 14
759 139
762 925
627 621
999 920
529 276
947 5
611 144
792 790
134 965
526 459
25 3
607 228
593 798
652 421
49 760
16 399
491 175
347 505
804 922
182 431
866 768
775 702
387 649
136 903
656 206
487 264
110 829
111 620
184 915
851 29
500 949
488 597
822 366
31 197
388 427
408 182
798 391
909 134
236 814
911 683
683 860
689 116
533 203
383 958
560 231
63 828
162 95
288 136
423 420
501 900
82 742
10 27
252 218
860 281
350 699
189 38
107 900
744 354
485 332
324 718
552 873
402 880
934 314
229 887
30 376
87 377
164 778
436 55
938 209
669 95
796 175
229 984
379 39
604 564
543 24
835 504
765 615
948 57
252 670
894 853
753 167
973 602
868 423
389 953
749 51
147 651
369 815
852 972
763 251
326 415
214 443
226 3
735 74
853 486
450 603
681 205
19 562
114 972
880 29
212 65
585 553
431 996
227 516
301 373
670 902
804 412
757 156
672 742
33 872
305 963
221 175
301 23
984 679
279 961
150 324
675 487
415 160
183 132
462 69
809 93
637 329
729 774
306 721
367 456
243 86
98 879
780 809
334 608
324 268
453 672
440 257
951 692
765 455
747 708
253 275
312 315
721 33
152 292
356 12
447 215
251 830
858 202
460 34
189 636
618 714
583 588
198 746
324 945
203 768
284 455
530 491
511 710
166 605
484 654
892 259
621 443
827 471
215 558
734 746
42 160
246 384
653 576
310 616
229 734
602 408
341 500
550 200
678 29
237 323
455 396
421 12
49 981
840 335
341 357
850 629
503 647
351 860
944 838
162 799
515 769
678 255
288 715
754 593
884 544
938 664
631 821
657 48
967 279
53 883
607 316
757 207
424 173
282 23
232 982
508 867
644 729
411 678
847 467
723 192
830 740
850 405
487 451
361 669
831 814
597 584
637 523
457 773
189 819
727 828
810 685
608 650
580 509
943 557
656 421
549 422
366 978
223 975
922 360
217 862
262 670
861 357
590 861
438 478
342 418
741 287
410 695
985 869
163 981
439 544
152 98
564 687
11 281
20 511
686 907
772 988
42 689
505 739
131 480
564 606
600 783
672 594
807 202
96 638
746 488
109 280
769 695
132 337
5 237
167 279
834 855
103 938
677 699
750 99
164 834
916 305
220 838
747 781
298 8
62 97
617 494
835 291
713 963
287 522
945 19
208 789
964 724
678 942
346 655
882 845
647 993
383 672
84 511
269 155
571 999
462 858
596 402
448 450
766 838
35 674
17 83
682 327
406 463
615 551
173 592
528 609
710 377
586 315
804 758
104 557
467 188
514 447
471 920
236 263
308 916
754 708
205 976
187 333
799 450
329 12
171 849
740 774
120 903
266 551
484 632
128 524
951 436
371 310
281 158
984 671
34 442
326 562
827 251
968 435
987 497
698 772
1 220
901 929
793 40
133 567
633 297
449 994
926 268
874 69
983 869
253 8
404 126
958 701
337 53
746 155
655 711
943 691
471 38
183 402
760 787
980 792
584 65
802 8
327 551
590 91
189 706
7 849
640 66
256 827
858 130
15 491
73 830
42 439
61 633
78 521
217 939
125 626
787 499
635 205
561 674
372 437
431 456
14 160
921 718
246 345
504 680
32 79
786 216
517 88
701 299
50 351
35 753
265 552
505 179
507 525
425 327
917 868
368 213
338 501
361 940
892 664
568 318
566 985
515 857
3 13
10 787
248 506
232 927
999 889
235 20
760 405
519 551
940 760
213 678
260 55
823 173
182 351
102 166
54 773
42 821
7 497
785 527
879 731
2 787
591 215
180 586
179 825
847 643
986 253
621 35
614 47
290 268
690 535
12 623
228 205
500 618
68 790
699 924
120 275
647 468
704 822
688 139
411 596
980 931
621 547
214 155
533 718
809 245
530 629
87 376
294 481
898 797
95 797
99 342
281 773
817 715
857 294
161 367
54 491
223 249
777 37
895 651
217 48
701 478
60 458
254 302
799 945
51 185
843 949
937 184
830 550
9 877
755 369
639 519
450 553
714 938
678 635
154 293
605 516
576 822
313 848
624 2
404 668
187 260
867 358
939 789
135 604
40 482
775 524
157 853
597 450
840 585
291 179
615 930
373 275
447 572
624 383
239 446
412 797
853 906
12 350
965 192
35 7
755 660
604 631
894 73
498 845
208 448
297 913
581 897
347 55
21 442
284 540
690 571
693 488
443 470
181 132
988 820
312 333
390 144
983 115
508 81
716 654
919 755
976 227
495 341
99 660
691 888
484 986
30 458
267 564
433 813
282 756
704 897
104 77
968 534
697 56
40 725
682 812
369 31
265 420
677 535
188 910
440 190
406 599
338 889
744 908
411 975
485 722
90 258
644 247
477 578
658 657
332 331
235 656
578 457
459 840
957 201
155 115
799 826
31 716
415 557
182 808
697 756
559 218
946 301
430 426
490 753
606 716
726 744
434 1000
417 399
218 819
499 754
524 673
227 547
72 608
335 9
466 424
230 465
693 999
322 900
129 280
718 586
404 918
465 736
645 987
46 455
255 646
639 698
249 682
927 107
90 622
396 737
325 261
508 258
129 58
760 26
357 180
273 899
175 775
825 610
720 632
917 16
31 324
859 847
661 61
737 431
25 795
104 892
765 121
124 359
642 922
592 721
593 168
354 764
263 390
696 719
409 389
609 582
501 748
137 467
922 637
671 426
328 578
402 953
419 877
902 703
940 441
835 149
69 953
240 473
256 414
241 112
294 250
995 347
764 379
964 582
381 692
169 892
475 120
692 72
325 609
373 885
744 887
553 279
992 649
5 672
388 312
710 495
460 666
559 254
691 46
857 986
19 621
373 910
698 705
364 333
931 317
317 961
505 353
178 393
16 52
917 658
771 442
918 437
41 903
425 608
638 140
106 167
838 252
653 265
308 543
714 265
662 57
205 642
866 604
885 288
476 393
326 578
992 42
756 51
928 533
440 732
78 82
906 985
449 914
301 913
270 452
954 973
112 984
974 392
320 993
140 240
190 362
306 200
927 899
898 647
117 879
498 163
816 772
671 398
432 573
717 252
467 705
428 713
964 555
289 373
436 204
240 453
277 441
276 629
705 653
997 429
513 518
368 409
901 151
905 172
174 555
914 34
176 548
94 524
880 231
970 285
933 151
751 624
40 858
265 559
620 333
368 214
539 209
153 526
503 760
676 478
913 4
917 649
814 324
585 924
895 187
236 356
398 751
847 51
451 591
288 725
533 377
594 997
960 209
850 379
745 599
49 472
305 54
748 350
257 139
926 591
819 573
823 221
419 139
917 392
390 504
399 634
970 514
388 745
244 291
737 358
133 699
592 901
570 78
328 813
789 928
2 562
441 18
599 167
674 480
204 343
858 244
508 562
699 524
456 461
398 450
864 572
403 424
665 573
906 305
913 469
817 714
712 480
308 491
61 781
578 409
708 628
378 371
760 155
70 613
108 296
330 766
431 475
868 370
66 212
639 689
696 195
676 924
199 16
443 546
355 238
964 956
52 790
322 288
972 359
739 116
299 983
86 509
967 412
2 366
294 718
634 245
326 191
918 275
938 565
615 767
762 145
162 987
804 414
172 385
787 680
827 983
511 326
975 215
71 764
784 994
460 406
73 125
954 478
239 584
274 828
439 26
68 288
328 141
610 319
131 746
279 546
410 447
415 162
914 895
986 163
390 484
817 72
694 269
73 296
699 108
561 67
10 219
15 622
533 237
366 790
749 499
416 397
422 960
578 569
825 629
924 557
564 580
70 802
223 425
85 456
566 137
753 406
111 292
169 613
996 126
445 976
312 27
534 858
77 805
172 767
562 726
105 548
186 943
905 155
854 86
786 142
436 299
129 244
322 430
839 407
570 760
829 413
382 606
946 347
325 942
108 50
352 516
286 795
930 883
382 928
809 98
421 804
154 425
192 108
914 415
808 166
562 493
396 45
35 375
644 731
804 633
405 329
447 962
487 509
845 747
348 901
794 27
227 768
508 579
804 144
222 202
210 53
488 943
732 210
823 5
383 530
587 771
512 742
289 691
629 967
832 535
335 588
343 81
937 904
213 717
834 512
300 356
234 480
881 539
370 224
851 531
690 943
475 871
686 707
934 935
587 934
608 411
863 701
316 656
298 103
940 442
291 786
270 193
164 844
627 278
845 371
422 12
958 82
247 57
373 215
242 408
90 152
632 751
282 514
247 174
450 844
312 789
496 18
424 335
26 527
449 140
431 20
749 505
476 611
204 946
443 190
725 112
325 898
142 328
402 397
636 540
675 916
487 178
52 637
951 611
714 94
960 478
135 534
610 18
5 494
153 851
546 778
417 710
515 29
26 114
335 236
129 379
651 474
559 317
616 925
504 407
451 368
822 567
755 734
110 773
620 972
803 116
492 947
993 838
722 124
280 919
822 744
310 247
862 928
811 958
538 794
575 451
465 126
176 247
103 516
231 595
366 206
276 50
573 804
838 200
972 730
410 357
647 498
579 456
172 786
691 770
599 917
861 105
380 109
327 694
220 518
150 825
787 388
77 796
797 35
543 579
655 133
930 388
679 3
539 660
616 94
687 532
134 636
527 511
549 531
74 629
330 731
424 719
481 605
526 829
229 643
126 801
307 201
326 295
899 909
991 19
228 457
819 162
123 369
621 18
804 566
221 644
701 154
294 848
265 558
910 190
344 241
416 718
863 250
615 581
531 436
349 145
166 489
750 178
796 848
301 270
532 970
633 536
541 644
289 736
433 239
842 133
571 449
58 756
700 43
222 931
425 579
616 874
430 812
839 560
185 751
82 764
449 775
349 764
666 137
628 475
332 552
985 99
962 659
618 17
712 982
21 420
614 45
581 945
722 83
196 222
159 490
306 778
404 387
372 575
203 490
16 763
401 643
147 355
169 767
186 711
168 966
502 533
765 401
12 847
883 39
293 518
864 590
522 618
722 420
545 485
655 872
532 229
493 63
920 895
692 483
696 998
551 24
132 186
351 54
636 128
503 155
344 256
752 397
779 669
934 499
425 193
635 88
469 136
716 191
38 407
100 338
904 49
151 396
445 399
359 713
363 266
880 432
537 881
717 547
773 849
524 601
36 743
726 851
710 308
360 447
623 713
535 315
518 943
939 646
129 825
732 651
814 353
796 948
980 73
922 974
5 810
961 620
699 272
462 174
704 744
774 605
835 217
741 518
617 520
505 634
508 431
625 793
288 33
921 40
405 135
922 275
504 318
819 905
550 811
11 97
436 722
54 1
709 718
103 588
397 793
806 703
608 146
239 124
955 423
246 936
586 713
140 67
993 718
546 75
858 201
4 675
80 57
225 928
564 411
15 45
844 187
259 631
403 252
81 983
905 9
318 214
730 62
255 633
626 127
919 568
902 942
85 154
307 144
143 318
549 219
757 648
494 614
744 797
708 760
88 993
30 900
235 658
472 64
716 163
645 233
204 911
813 887
766 809
183 515
610 813
772 236
956 769
795 381
942 724
342 628
515 770
866 114
852 193
788 274
294 634
723 852
80 818
317 955
780 309
601 368
607 334
352 466
776 596
335 11
796 527
999 16
435 673
555 908
210 931
84 888
312 15
963 373
144 332
20 855
386 393
25 255
814 825
728 570
768 657
586 952
420 683
257 412
557 105
44 60
686 375
484 267
780 968
195 184
68 74
147 445
664 849
724 669
873 61
546 141
342 296
437 12
612 670
415 885
873 206
121 817
492 524
418 363
937 681
315 977
252 396
656 3
915 158
256 481
419 879
105 515
744 204
104 171
412 252
413 341
330 597
901 32
302 727
469 110
604 767
753 147
626 99
4 933
385 941
924 246
13 945
606 496
204 860
557 864
83 597
139 999
377 368
599 421
697 677
83 706
840 967
689 205
130 657
518 996
377 591
245 218
527 862
714 883
696 474
662 755
934 884
840 991
563 106
892 742
841 332
269 971
92 722
662 866
611 854
813 654
830 564
140 120
415 438
656 503
166 684
595 298
761 22
597 760
102 302
123 769
326 934
510 67
849 715
153 108
427 637
176 827
14 835
805 604
2 923
318 993
963 492
592 143
988 41
992 44
573 577
558 660
374 860
471 178
914 983
220 370
742 203
543 14
391 781
805 314
647 134
271 888
789 11
565 868
146 754
128 361
765 381
983 426
507 85
473 421
951 209
119 160
691 547
963 838
342 129
473 470
661 531
864 641
994 560
594 46
27 443
643 725
132 86
13 981
571 919
808 547
330 811
557 836
815 288
583 964
105 797
382 543
705 94
423 695
763 320
505 176
661 951
992 686
701 10
577 4
260 976
602 625
914 341
992 541
679 727
659 573
457 23
644 781
363 136
460 926
121 226
550 546
663 257
146 629
177 114
162 262
288 949
740 538
280 837
499 123
529 630
513 361
381 99
185 968
872 526
806 746
512 687
608 24
737 356
223 657
839 83
543 482
34 46
748 456
797 371
708 178
232 139
87 23
972 767
864 976
313 78
333 435
600 970
180 282
401 531
937 737
481 813
206 562
119 279
891 358
86 964
214 9
380 225
734 29
521 371
100 224
337 722
449 440
793 749
441 716
230 331
856 749
179 320
967 235
845 462
632 808
84 451
119 340
199 18
18 497
505 227
674 644
1 770
113 294
957 19
351 868
10 976
338 581
230 639
819 443
628 934
79 878
705 171
745 902
362 478
587 139
187 281
204 729
945 469
853 708
468 294
144 52
435 471
934 527
154 117
710 102
841 149
79 121
852 499
106 253
58 376
258 326
81 937
478 693
427 581
139 316
637 724
837 498
220 196
775 459
637 325
555 43
487 526
400 522
58 90
77 270
333 228
723 356
997 845
560 617
326 930
15 616
295 296
463 766
725 851
413 251
987 567
63 272
755 36
719 641
354 727
764 814
217 597
200 389
368 999
648 697
43 49
725 949
835 45
779 748
808 959
733 662
850 594
270 235
535 805
553 483
55 831
846 990
796 311
797 234
156 150
449 388
604 532
806 376
458 474
834 17
748 943
269 482
311 502
421 167
574 119
78 870
523 695
908 703
162 259
436 420
39 262
166 197
302 261
51 7
144 995
515 756
369 600
957 55
501 107
527 837
767 320
611 172
136 662
784 802
269 934
808 168
131 925
796 921
254 497
842 75
92 382
700 125
779 630
447 972
549 320
1 298
140 955
125 339
948 994
738 394
847 28
336 598
478 657
816 320
802 943
50 904
569 904
344 661
92 247
718 363
223 971
258 733
723 403
64 532
746 16
230 129
451 180
949 605
326 756
404 102
444 871
945 782
820 686
620 648
346 309
718 5
223 745
584 972
194 993
447 17
105 202
432 822
786 669
493 339
668 472
831 383
564 602
266 421
712 205
401 586
720 296
423 249
225 850
265 235
894 548
788 145
57 137
332 53
371 553
929 973
610 650
833 361
262 603
319 670
717 823
976 383
162 486
971 796
247 168
605 822
826 657
60 397
904 123
523 723
658 54
606 384
221 702
467 787
709 921
451 937
506 196
145 26
476 492
60 211
731 818
2 340
115 709
888 579
945 396
619 821
490 355
453 125
454 462
844 578
942 467
746 688
2 905
451 596
382 188
787 738
629 101
559 334
989 125
371 314
729 903
463 330
141 498
914 818
439 205
650 540
779 368
357 836
290 159
220 476
522 466
462 385
29 738
304 47
687 3
183 377
812 143
153 318
715 423
926 387
584 246
819 881
90 867
620 38
575 916
722 156
551 899
243 304
885 865
265 182
746 441
697 155
152 352
171 76
262 805
377 983
447 235
485 420
686 658
612 401
124 219
939 208
27 442
389 831
377 561
13 579
490 880
473 70
769 945
773 89
665 832
32 67
530 190
344 469
128 330
290 775
541 350
264 182
819 164
200 1000
190 647
657 210
640 928
481 158
518 961
517 971
122 424
786 265
805 59
59 457
900 257
614 645
61 283
892 779
895 164
399 899
353 69
151 270
639 93
693 939
140 29
546 855
74 945
120 935
654 594
749 944
36 173
917 292
338 244
267 499
430 925
749 833
663 445
513 700
811 766
357 888
429 283
710 692
141 615
284 901
301 865
512 672
988 957
962 512
638 933
272 760
789 941
765 653
8 942
229 144
750 338
971 675
823 642
39 423
440 473
792 110
59 561
74 470
301 660
582 815
329 999
860 389
128 374
593 6
668 624
315 792
320 750
817 638
385 714
799 215
983 318
397 695
441 723
407 482
14 128
143 292
991 224
575 481
194 284
583 794
269 334
731 559
972 275
758 260
260 151
321 903
914 148
148 976
990 955
166 297
888 925
1000 619
585 579
86 496
415 730
677 179
408 684
544 232
504 789
875 262
744 962
696 403
827 635
455 602
719 441
153 920
870 575
173 293
365 600
589 925
914 457
202 503
754 776
645 695
813 725
642 996
419 74
771 225
274 827
775 665
524 927
373 287
598 744
642 78
400 877
760 147
923 603
729 664
120 188
508 425
201 279
384 273
520 669
560 858
362 802
971 912
606 577
149 128
262 161
484 273
926 328
591 453
822 105
591 292
663 635
116 836
48 492
864 269
495 480
958 968
279 995
160 901
488 114
698 397
534 639
200 665
788 378
986 384
623 85
146 315
203 950
100 54
801 125
870 497
199 322
866 220
720 107
497 38
540 670
686 900
435 41
489 906
91 970
616 427
344 286
740 324
173 837
588 912
516 73
209 48
65 501
835 761
13 877
624 836
112 40
554 147
94 104
866 129
39 972
120 547
616 488
467 310
182 735
809 103
639 261
913 961
967 274
464 866
776 455
357 764
106 828
213 632
625 584
643 121
457 46
629 384
831 964
226 501
198 921
174 141
589 786
209 900
310 349
172 342
390 677
139 359
12 239
96 88
802 29
375 750
671 973
713 223
606 658
366 983
883 299
44 175
139 69
638 3
548 239
116 809
723 259
472 653
529 718
72 399
248 528
397 827
436 807
642 918
972 689
370 31
688 248
962 257
836 448
743 484
343 176
111 212
313 133
441 952
152 261
191 108
655 829
217 801
548 675
220 940
169 582
920 778
835 153
730 97
824 230
806 266
411 570
77 710
80 182
248 952
209 470
122 977
783 14
557 411
273 817
492 323
782 301
763 88
86 239
549 717
697 314
288 665
687 851
304 856
467 500
599 423
624 785
950 823
790 600
810 138
5 684
243 945
920 926
374 69
122 34
784 609
468 10
126 746
416 677
575 543
286 890
567 671
126 629
951 636
610 190
791 983
870 628
637 855
875 206
224 348
961 953
321 538
624 221
538 165
893 473
637 953
304 371
656 216
766 263
107 390
54 643
755 562
645 784
619 483
965 243
89 768
879 605
664 610
93 984
442 80
858 728
489 91
237 749
1 215
663 733
632 5
854 900
595 489
253 3
954 102
183 376
461 118
51 966
72 427
509 874
517 749
742 856
749 255
688 484
779 757
360 117
751 75
683 411
665 692
61 515
532 352
194 228
786 928
414 993
203 894
518 491
427 374
302 646
393 170
178 688
394 629
553 964
721 270
377 560
748 609
752 612
700 924
761 666
263 81
173 892
256 512
283 196
876 568
697 342
906 445
238 950
479 456
464 543
356 517
108 486
123 451
285 976
597 353
502 234
982 672
355 31
491 391
878 625
832 345
316 106
635 268
84 254
819 69
141 81
967 325
952 610
460 777
121 119
999 884
265 781
606 46
168 192
991 720
260 752
796 962
965 949
72 956
895 52
442 274
150 195
101 575
671 871
763 654
231 940
913 683
700 149
465 300
118 614
447 660
419 143
296 578
546 638
289 655
197 782
665 82
385 156
224 932
723 330
10 291
414 541
879 343
717 344
258 565
449 626
195 114
126 666
495 316
711 133
636 334
124 26
986 429
750 450
53 18
830 378
526 156
543 659
766 801
271 124
420 666
627 290
13 887
593 406
209 397
492 372
644 393
293 357
71 193
932 741
549 564
324 889
950 989
700 928
937 274
739 154
612 148
351 64
248 863
815 337
816 113
35 771
273 906
222 55
972 268
852 970
374 18
505 225
406 302
240 82
536 607
421 483
990 114
438 351
506 253
658 407
736 722
952 911
537 999
990 75
717 689
227 701
619 879
545 512
583 200
705 346
357 711
526 344
625 419
843 500
607 343
790 221
26 6
923 316
706 932
389 340
944 668
709 404
68 300
608 873
221 218
617 525
248 104
488 951
382 471
864 807
748 740
282 155
234 214
663 517
926 110
148 73
578 898
940 29
826 212
685 879
281 601
300 275
394 344
12 671
813 599
505 989
789 817
630 961
811 153
48 715
626 152
560 374
501 644
561 515
907 539
322 25
967 939
170 69
522 958
905 14
930 459
601 706
41 65
938 977
332 320
812 954
284 227
826 874
556 913
890 153
766 812
51 9
549 778
309 153
537 850
784 925
312 603
248 601
445 257
415 697
221 378
974 680
203 875
848 524
353 162
472 272
951 648
184 644
683 730
782 669
373 208
967 969
822 927
608 535
809 256
432 285
213 744
879 971
55 149
426 823
188 826
780 22
999 98
609 44
771 877
884 994
372 190
568 823
645 989
23 601
389 135
202 940
663 553
405 777
479 222
536 287
76 616
385 373
522 286
775 64
501 981
615 385
157 233
15 767
570 2
683 289
167 912
828 846
423 106
190 371
825 944
110 170
722 472
102 574
990 403
953 84
206 616
122 623
752 746
365 57
955 787
9 125
165 354
812 527
9 974
806 245
756 860
100 920
907 882
929 670
783 303
826 782
921 798
891 876
412 675
970 679
883 940
934 792
995 794
249 156
770 956
420 229
153 934
101 824
74 96
421 669
226 295
516 961
838 102
426 920
353 936
260 684
857 616
913 718
163 443
404 951
679 365
858 822
956 475
82 72
923 514
358 485
698 782
951 80
699 59
348 139
371 90
651 188
159 365
798 319
404 4
423 296
326 353
336 332
462 310
85 48
312 411
917 194
466 776
557 219
595 984
815 907
788 81
898 529
994 890
422 755
668 767
924 529
133 633
604 777
294 313
868 918
584 293
792 306
5 203
544 659
946 731
342 132
18 326
312 983
210 550
648 849
456 400
890 396
754 268
501 160
753 188
256 750
556 601
999 691
526 769
854 146
13 978
481 326
647 963
9 891
882 762
153 608
498 755
909 361
748 151
883 904
165 969
867 227
896 935
568 708
959 644
878 993
737 723
455 624
115 675
22 829
204 688
889 392
67 394
395 973
88 361
567 531
93 232
996 975
957 351
654 417
348 986
895 388
185 755
168 511
331 797
20 28
407 576
784 750
641 288
465 444
822 272
241 661
295 432
686 323
120 246
121 547
784 327
785 658
129 150
295 257
318 738
584 20
958 899
882 371
828 903
561 772
764 773
470 152
347 207
721 62
63 27
949 38
309 122
309 135
772 545
683 390
564 387
329 886
435 492
964 628
143 433
113 104
438 989
759 465
356 452
341 104
821 830
370 831
899 604
562 958
801 290
711 227
578 750
368 9
22 524
540 969
668 54
664 433
965 596
910 239
804 598
108 459
992 734
916 836
984 114
933 7
740 535
339 982
767 318
87 920
130 455
282 58
891 626
881 589
952 750
140 4
301 511
476 107
449 447
272 282
880 975
775 808
240 536
819 540
788 725
77 442
277 72
945 918
908 286
488 967
15 964
935 567
850 13
102 934
837 273
958 639
150 142
927 800
661 148
519 90
501 865
82 709
10 38
320 587
877 518
270 460
368 538
518 150
252 100
643 995
384 718
597 404
264 820
800 710
764 15
198 749
632 617
9 64
502 791
216 444
892 208
825 230
331 93
613 847
544 330
213 81
506 461
549 727
754 279
321 791
599 413
752 316
9 691
672 93
425 963
83 667
53 429
178 189
952 940
662 747
311 360
631 675
227 553
329 25
666 440
116 375
460 929
335 23
562 121
920 785
831 855
387 710
442 43
410 365
728 736
358 111
896 572
54 852
77 461
611 621
599 584
12 376
31 44
490 206
129 60
810 925
638 1
197 965
382 323
534 332
737 304
976 520
775 50
466 998
15 585
419 420
890 570
979 604
673 921
566 76
72 256
219 83
510 630
647 796
262 941
449 682
931 430
570 242
370 108
579 96
484 996
949 30
255 827
401 472
474 190
557 553
726 352
289 355
347 469
479 48
544 743
262 606
354 847
69 820
549 634
507 171
294 79
152 596
449 22
32 58
803 447
524 265
734 713
592 162
497 290
502 29
731 617
715 172
899 805
496 102
65 471
285 682
291 565
917 841
107 945
248 630
763 297
446 967
840 858
793 580
61 244
465 907
469 543
936 92
40 17
477 100
540 326
504 190
361 731
662 977
365 815
268 303
813 283
986 334
966 315
19 958
408 307
392 920
230 70
712 705
286 308
253 831
998 123
622 399
799 126
340 625
489 89
276 473
476 13
824 729
861 322
220 334
883 182
916 18
314 135
323 204
584 249
641 22
950 24
148 2
332 999
684 76
261 301
318 342
104 862
195 41
547 860
169 646
392 419
302 938
431 514
846 891
67 153
206 730
855 251
570 889
114 397
885 896
228 389
670 308
284 407
565 2
492 274
637 791
55 864
132 195
320 419
576 660
574 931
811 287
762 707
253 558
536 982
114 766
944 280
726 985
951 956
900 494
109 970
991 316
995 825
28 336
670 771
568 709
808 212
362 824
23 111
995 646
505 406
966 5
328 441
850 482
425 565
33 836
408 480
563 872
944 740
468 492
97 462
794 92
128 926
466 140
68 232
417 432
901 910
832 549
428 208
729 931
90 979
327 994
54 62
76 546
360 768
152 50
888 252
655 544
659 549
417 146
471 451
34 14
720 469
884 360
498 31
779 204
873 249
911 507
197 703
753 280
510 654
369 266
875 940
112 571
561 916
727 99
345 289
988 589
25 759
66 413
928 152
660 927
76 230
332 120
706 173
2 306
512 158
299 286
535 882
132 167
891 73
82 802
195 577
414 765
290 951
369 854
332 350
812 976
548 75
903 908
575 371
703 398
65 494
446 701
710 414
87 693
933 181
921 253
611 39
889 329
339 872
877 280
329 258
369 167
169 489
633 844
870 675
62 636
544 235
970 438
623 837
762 726
118 823
266 644
361 514
116 284
832 69
836 629
174 116
624 231
309 915
628 759
912 89
903 481
427 552
672 621
567 788
508 500
455 778
926 685
31 75
469 922
78 349
23 567
799 54
488 968
965 346
662 362
81 847
279 798
486 454
34 223
534 272
777 573
674 431
413 185
911 430
29 710
441 48
262 966
492 549
167 127
209 205
95 745
498 229
688 317
321 292
177 824
901 55
155 701
707 376
428 655
363 574
436 130
811 470
958 11
136 94
427 449
798 720
159 926
923 857
716 73
517 8
829 294
649 128
1000 684
632 292
341 508
326 352
991 86
161 991
937 46
307 865
340 43
490 760
877 508
884 552
353 160
925 902
398 930
70 7
877 397
644 818
425 764
463 92
943 870
502 498
515 39
18 629
148 580
942 42
359 172
714 397
20 638
25 416
478 522
887 890
866 65
304 217
785 430
549 477
206 144
564 994
107 701
989 311
239 328
187 229
408 246
289 91
846 467
902 289
650 326
11 128
505 891
56 535
522 284
564 695
251 756
68 966
590 71
593 161
264 755
993 691
176 303
102 604
233 786
454 698
695 408
497 229
668 516
889 404
891 437
424 771
329 956
716 312
972 914
631 399
377 936
854 426
668 574
682 779
441 671
596 853
777 21
562 869
179 271
324 812
481 777
229 617
435 38
346 663
352 984
459 924
126 670
938 331
666 985
353 482
652 596
549 812
819 267
937 10
222 28
723 537
62 421
553 58
115 713
42 240
425 847
135 524
304 445
606 49
473 603
594 617
939 850
335 69
980 142
231 52
439 146
568 520
718 574
225 123
151 343
67 904
528 406
732 878
348 103
794 121
723 85
562 237
656 106
822 564
34 669
746 993
380 679
68 464
589 533
440 628
917 494
721 677
3 610
977 307
23 639
279 440
68 4
803 459
516 812
612 601
205 413
409 680
229 23
712 15
34 7
626 621
510 69
849 138
587 794
362 539
54 381
295 125
498 75
670 27
803 694
347 274
367 863
977 255
983 769
707 18
216 599
267 629
289 157
920 873
705 533
445 786
123 184
267 706
518 377
756 924
83 790
415 831
808 665
330 709
593 379
761 671
530 798
956 313
449 241
839 452
238 949
832 446
94 148
425 905
869 974
928 224
252 960
910 432
979 415
635 257
839 891
18 667
900 269
235 392
559 8
871 298
425 199
842 60
75 935
867 451
425 564
101 683
905 738
376 422
583 263
931 894
370 700
850 370
408 481
5 833
339 139
907 811
931 975
126 193
788 588
382 47
171 962
799 204
909 956
141 530
714 340
718 308
405 109
727 574
709 223
124 593
732 144
881 874
36 399
555 745
671 23
267 213
457 551
793 189
394 208
381 320
682 655
557 317
775 138
100 312
980 836
621 906
125 859
508 69
129 950
595 615
392 320
46 813
768 235
36 507
955 639
228 43
713 673
678 701
971 389
40 737
220 919
811 92
887 233
265 514
647 197
285 813
747 910
569 98
553 549
626 85
117 622
298 200
122 788
303 313
948 2
277 692
184 175
807 889
407 367
299 558
1000 689
493 748
294 999
124 576
763 242
962 530
13 837
161 562
348 628
293 213
294 886
302 349
969 736
416 736
808 290
717 257
510 513
264 436
670 892
487 240
531 470
991 672
353 244
260 576
746 613
785 167
568 593
438 19
81 642
725 790
154 126
600 162
141 340
864 343
455 884
480 96
278 919
542 672
814 69
470 655
676 46
642 74
224 101
303 842
980 420
851 618
914 886
239 311
558 441
175 875
824 803
417 339
400 527
885 641
681 914
512 476
851 286
766 143
823 988
826 96
483 607
691 78
488 231
497 879
535 426
410 890
251 856
983 11
556 991
856 769
963 999
910 738
587 947
533 313
76 180
313 222
665 625
958 814
392 203
375 104
303 511
604 610
398 417
4 824
705 733
333 692
228 350
284 472
14 241
381 680
114 293
656 923
136 95
392 41
446 380
90 266
347 745
829 293
761 599
571 638
468 899
969 930
550 193
221 597
939 570
934 524
326 496
143 730
2 474
246 187
60 187
960 457
636 614
306 215
472 275
210 891
545 658
71 618
116 369
510 41
296 767
441 841
266 923
858 849
224 1
903 341
634 724
853 950
488 918
309 648
296 541
978 41
318 606
504 352
662 375
556 270
538 769
742 33
33 151
103 537
984 857
289 805
138 486
497 954
43 370
744 389
300 355
198 914
949 890
113 746
299 29
119 436
855 96
416 287
859 101
437 391
367 826
427 241
368 984
788 158
583 555
437 345
385 822
320 601
707 343
265 456
873 611
461 844
972 113
213 115
696 19
456 792
626 492
844 443
402 226
976 259
298 275
433 568
288 261
152 589
458 221
699 477
867 123
65 469
268 334
383 133
294 702
478 311
255 730
433 282
17 219
236 489
623 783
149 558
331 391
518 873
444 254
83 294
639 293
676 305
3 169
405 261
942 468
690 85
933 867
31 863
657 420
970 933
457 206
331 741
130 529
151 342
517 100
837 147
898 57
737 7
22 481
426 790
448 566
380 561
591 85
993 238
426 697
723 453
963 466
200 6
93 837
479 700
231 763
290 11
550 885
883 184
258 557
388 652
82 361
916 985
964 95
253 496
146 970
493 417
609 664
594 121
209 106
63 224
835 91
157 123
983 51
57 63
966 562
324 611
536 139
276 910
8 356
962 253
126 732
413 82
140 392
165 259
785 819
978 142
639 645
179 82
678 963
882 870
994 300
744 859
709 983
216 148
640 566
38 509
79 739
389 621
800 204
179 185
57 725
393 807
10 905
230 548
748 33
161 887
972 624
204 691
286 741
822 939
852 788
905 737
608 722
271 682
917 702
990 284
205 636
763 642
941 683
305 46
966 293
537 331
408 273
893 672
151 66
957 943
120 138
798 397
489 59
567 208
328 119
76 717
976 579
225 465
121 544
254 564
110 404
828 531
641 112
517 717
862 790
665 378
663 963
564 556
446 943
270 503
129 949
333 429
699 956
229 236
836 260
765 426
734 843
313 193
830 382
262 762
835 196
708 862
378 409
808 128
221 829
772 691
170 109
562 859
475 883
363 596
380 366
825 207
863 259
346 377
298 201
490 849
659 80
218 480
401 192
920 612
100 972
728 429
104 391
692 8
590 41
575 523
891 952
468 991
251 473
948 289
2 503
916 839
630 327
256 263
342 62
943 110
783 401
382 908
403 989
540 234
134 927
395 260
696 408
355 883
965 772
378 686
417 790
1 599
37 305
990 361
957 352
176 667
673 174
107 437
510 50
754 916
704 129
28 715
15 803
785 448
92 438
600 145
712 795
860 536
948 955
953 535
515 376
771 898
439 816
41 737
372 213
853 770
456 168
510 383
90 457
242 713
279 792
316 638
340 794
189 831
741 370
744 426
447 507
929 360
638 970
932 629
483 431
128 440
437 418
722 496
641 751
313 401
773 361
647 320
377 914
618 560
765 319
937 592
132 246
958 190
905 50
239 919
434 458
15 91
769 579
332 493
62 194
821 799
345 78
532 486
796 370
338 769
725 499
245 679
491 293
131 340
792 698
98 129
117 355
759 212
856 493
455 279
526 30
683 577
10 833
891 674
269 928
753 645
681 416
459 574
227 554
545 657
729 428
396 37
14 588
183 943
41 914
49 399
830 194
54 696
148 565
957 970
404 927
296 736
729 590
469 971
953 706
715 559
7 419
417 397
35 42
328 32
41 733
794 261
306 747
91 323
823 946
456 196
632 93
667 686
854 108
234 345
16 540
825 730
932 538
801 483
771 668
392 571
64 776
579 904
864 815
574 590
650 422
155 972
816 898
138 146
582 729
200 423
263 526
391 597
731 430
806 444
966 598
646 213
886 718
201 754
707 457
412 251
608 30
968 571
43 608
947 743
967 792
327 121
679 228
494 410
186 843
579 784
657 974
769 984
809 795
503 457
52 807
703 448
853 51
506 206
736 815
465 792
947 251
178 92
731 776
979 588
630 62
334 619
193 441
123 246
529 71
197 465
511 177
710 17
936 660
332 773
24 552
168 830
927 272
589 309
316 116
420 342
439 90
379 335
794 71
743 40
46 488
893 667
340 525
253 828
453 298
383 681
277 28
763 453
453 443
775 898
564 887
802 828
306 655
324 673
932 687
936 554
721 820
81 149
797 759
820 648
451 39
381 186
627 190
280 189
428 269
391 667
765 20
432 968
605 405
879 28
57 461
349 781
522 129
320 873
411 578
102 591
327 686
316 733
194 225
218 235
94 606
620 347
632 565
265 410
472 882
836 268
308 24
330 624
60 585
833 335
544 262
234 896
74 637
411 514
721 402
606 28
237 368
717 934
151 508
259 338
425 126
597 240
127 321
237 257
525 15
691 484
602 713
217 365
364 132
937 100
867 231
653 864
310 600
527 955
872 48
774 797
308 963
58 922
39 877
334 583
780 357
892 19
163 381
255 195
495 560
960 147
371 510
904 601
232 792
265 73
560 598
813 380
429 48
357 896
429 115
582 187
586 182
733 37
770 81
729 646
161 424
989 204
774 504
595 45
830 890
516 883
632 38
414 10
589 392
972 528
656 377
414 527
703 640
742 238
106 324
413 67
141 434
141 980
188 445
419 153
333 428
778 11
856 807
598 756
836 261
802 405
346 9
972 837
137 18
32 296
233 633
859 221
694 621
281 787
393 201
161 357
968 627
42 32
171 142
651 582
839 319
912 838
749 151
252 657
894 832
368 446
298 345
422 96
598 68
255 675
459 934
696 596
636 894
985 178
344 689
601 66
396 220
633 849
324 56
508 995
572 308
689 624
675 549
755 681
606 645
291 433
845 970
64 498
257 97
656 150
892 996
372 48
634 335
136 942
945 168
729 625
866 682
850 231
153 45
706 835
712 796
90 656
987 386
36 350
996 604
119 799
279 682
980 533
91 358
267 136
439 928
868 534
379 547
16 561
555 612
480 686
732 674
29 853
466 913
341 611
619 902
759 589
299 51
45 459
52 409
452 467
699 946
975 929
176 405
489 594
857 120
77 843
315 826
134 274
962 179
856 946
438 436
783 352
588 345
223 678
338 988
764 122
801 224
985 323
644 362
900 252
170 465
722 674
190 916
962 85
963 660
200 10
972 222
294 950
173 703
445 58
156 791
855 627
658 461
340 244
633 531
613 557
317 96
201 671
933 86
829 5
23 434
424 98
887 307
746 22
841 463
182 721
260 919
486 891
947 247
628 560
576 155
245 480
641 977
678 468
117 166
944 558
466 414
874 291
983 647
788 919
664 669
421 966
462 146
570 5
301 112
489 208
202 759
412 568
997 648
120 84
525 289
340 601
439 314
254 163
877 460
672 274
979 770
327 790
720 626
917 56
721 719
609 524
305 416
90 918
287 720
660 286
671 639
869 160
962 578
267 876
570 15
314 449
868 872
800 536
143 166
471 373
272 113
366 21
828 826
688 333
12 783
52 236
163 653
226 555
320 556
764 47
178 646
506 267
877 776
126 511
113 91
510 935
811 130
652 994
355 994
82 854
905 257
434 495
911 67
143 501
200 789
40 586
916 683
39 260
795 938
388 12
652 881
32 62
913 347
181 723
203 7
835 586
764 380
222 112
961 224
87 335
507 634
240 927
593 925
813 996
61 159
689 734
778 889
446 971
31 571
508 948
382 965
348 685
176 582
230 649
122 270
69 261
933 428
956 3
856 151
344 939
183 946
206 465
631 560
482 521
268 140
89 921
149 895
427 629
326 553
310 330
580 452
362 981
860 116
400 570
989 280
404 146
78 41
318 632
237 632
349 228
276 84
745 189
806 876
699 796
777 634
15 734
589 197
256 167
338 966
775 304
688 154
320 581
430 561
971 525
509 582
241 296
962 328
265 8
201 137
972 945
8 358
725 743
997 322
700 811
293 331
938 112
464 759
89 238
967 255
313 502
517 77
459 957
953 748
914 171
838 561
888 904
321 796
914 314
517 367
352 709
408 855
986 728
880 107
218 846
112 197
459 616
852 1
46 184
529 34
144 192
457 31
704 8
953 570
379 986
412 645
166 704
758 878
351 716
465 661
224 92
337 467
120 29
484 529
927 602
723 483
85 902
736 86
242 675
974 208
375 605
60 34
772 889
521 703
116 879
815 965
524 310
746 226
927 843
146 556
402 578
719 693
560 98
341 575
267 948
548 515
357 519
754 396
885 846
571 254
467 905
358 966
34 226
215 843
473 172
254 695
6 354
65 934
891 382
342 74
240 396
368 721
132 284
260 489
852 643
231 515
63 484
800 814
712 490
397 688
167 266
523 562
302 535
749 150
485 78
592 223
133 263
597 290
339 526
891 973
549 655
198 151
977 676
221 60
140 500
783 354
734 276
406 275
634 136
62 213
329 262
520 249
4 298
170 574
889 318
320 79
231 155
948 577
472 314
546 50
260 579
321 555
529 14
269 93
988 421
37 319
476 241
314 660
264 884
580 751
124 369
7 296
870 784
644 527
89 10
943 198
79 170
64 657
980 423
547 220
609 395
721 593
928 981
763 910
427 7
881 779
646 928
205 465
354 909
816 186
45 296
755 286
452 318
146 897
682 735
155 885
441 52
595 919
266 393
546 12
146 675
254 576
721 29
479 805
445 629
707 94
640 73
659 291
660 968
636 479
602 219
786 994
135 581
856 546
29 152
786 885
774 878
91 963
274 33
445 200
543 915
644 250
739 188
257 996
657 881
948 144
643 418
568 608
391 284
847 267
50 282
952 962
772 512
316 185
767 328
469 405
587 222
459 263
455 678
168 96
558 941
887 675
140 254
583 170
843 313
353 21
460 847
945 489
504 167
1 433
192 260
266 567
323 570
417 673
552 36
809 411
118 184
813 323
872 769
979 39
470 686
913 629
456 488
495 841
832 835
263 55
598 894
693 654
993 816
775 920
807 62
357 185
304 59
124 660
73 754
444 293
555 562
768 348
497 558
760 916
558 331
290 85
932 516
527 549
974 443
579 329
836 440
929 266
315 635
501 832
997 75
929 251
109 379
807 254
632 428
6 411
945 625
512 60
731 416
128 309
259 973
167 236
960 846
243 634
318 104
672 914
412 245
18 348
578 420
82 3
962 7
817 776
602 46
285 786
144 650
678 843
703 236
27 327
84 412
480 494
342 860
4 61
687 856
183 90
874 817
857 5
948 372
334 847
578 249
285 677
93 508
352 570
691 59
452 525
714 888
785 579
738 98
331 440
478 313
690 193
939 329
521 522
443 947
690 80
946 38
700 25
577 706
596 90
909 771
782 563
179 538
849 706
387 553
64 682
528 25
659 961
220 37
591 86
738 542
996 646
906 746
214 719
132 854
224 927
923 649
447 351
106 479
823 912
861 349
119 631
465 116
599 841
489 382
54 198
916 165
483 408
138 37
391 661
177 521
785 970
20 193
574 616
367 234
100 407
599 943
808 976
254 664
912 618
369 498
831 232
618 743
530 517
432 552
513 881
881 287
955 708
596 774
650 186
872 102
47 974
412 217
603 246
808 782
75 305
430 686
658 368
238 974
502 963
514 851
986 788
437 146
972 231
848 797
387 171
890 360
321 947
787 842
41 44
829 475
960 278
243 914
139 651
341 289
92 617
704 603
807 516
323 48
908 861
305 752
931 516
382 998
532 877
511 198
314 526
616 694
874 582
430 88
268 83
931 661
515 978
74 142
595 352
260 767
119 495
603 317
453 234
664 679
130 31
187 466
463 385
103 158
453 379
79 209
63 764
357 799
286 277
508 413
419 180
974 166
386 471
650 568
797 951
409 878
175 851
16 952
275 597
439 862
25 190
963 320
640 141
487 626
346 322
991 349
976 981
24 450
595 781
875 525
380 933
437 218
129 793
737 492
854 645
549 104
73 996
57 495
218 90
897 397
293 524
989 831
928 485
802 258
180 402
111 378
596 794
871 393
752 552
90 387
95 918
521 203
262 539
317 948
507 854
424 978
200 814
21 720
613 678
860 415
303 170
730 322
804 973
143 349
430 141
352 900
792 673
813 777
977 667
987 848
820 375
514 678
550 40
678 125
815 188
200 520
782 943
787 983
58 973
610 142
682 259
480 851
62 609
430 5
641 565
568 742
951 701
569 464
974 710
22 107
997 683
931 689
201 940
50 135
760 445
597 726
581 305
582 10
568 964
666 480
615 982
282 294
236 734
586 168
783 854
805 906
700 176
495 820
866 680
560 963
926 662
283 944
742 533
55 428
296 549
963 840
874 126
656 453
819 915
289 684
441 345
268 132
376 898
898 433
434 668
59 887
902 457
794 718
318 640
732 406
850 809
556 483
320 851
212 865
543 751
414 913
614 325
972 875
630 843
902 890
516 591
427 294
583 579
949 437
863 723
762 546
48 544
765 685
459 102
338 877
389 895
394 647
659 113
881 1
223 86
541 365
85 138
51 225
435 126
972 303
331 177
557 899
140 119
400 374
2 470
302 381
306 64
179 242
625 358
865 471
335 511
652 403
528 641
718 692
365 692
773 605
5 995
852 58
671 518
999 181
715 706
893 771
177 215
508 743
326 944
993 85
97 408
225 195
889 164
158 649
970 540
515 200
989 129
167 581
724 850
48 211
447 725
489 40
766 461
949 563
931 24
35 47
370 418
900 773
171 671
803 285
291 262
220 352
295 374
405 786
529 710
355 246
896 207
660 280
96 301
209 2
104 872
216 802
837 640
640 196
436 815
642 622
422 718
321 505
181 29
958 895
181 296
890 657
906 154
356 213
845 407
769 563
612 117
3 764
52 12
803 844
739 842
263 958
322 278
985 462
676 688
354 167
981 135
394 778
915 356
165 77
203 406
801 609
645 637
8 136
286 979
820 303
544 115
207 375
373 923
744 513
79 681
527 928
822 848
913 20
342 686
736 657
205 882
95 418
789 916
226 335
279 187
586 447
549 9
580 20
265 874
965 985
344 941
201 100
575 563
84 823
592 399
822 749
831 881
637 96
585 95
659 960
629 142
619 962
465 329
343 771
214 716
806 896
453 440
220 469
224 912
695 164
272 518
426 262
79 387
432 892
402 604
223 564
911 632
78 201
263 505
816 978
927 998
916 21
594 347
266 334
124 14
860 442
110 73
960 828
405 633
327 312
630 691
80 251
371 524
781 659
569 369
167 352
981 828
982 111
369 172
170 407
110 477
706 101
834 174
526 776
178 906
450 679
587 298
783 690
809 884
773 977
562 612
486 596
746 478
490 539
647 370
491 494
840 525
283 506
476 204
106 715
32 826
541 641
166 405
313 839
249 65
302 181
272 124
297 347
822 582
642 321
456 756
796 986
13 480
144 81
554 516
760 273
581 237
552 509
75 696
962 964
505 619
468 595
328 236
625 874
38 832
724 906
728 589
270 814
219 784
723 338
304 287
530 930
34 181
966 586
716 953
275 709
295 318
894 312
57 381
699 826
741 427
320 985
447 80
589 231
772 921
935 511
648 647
132 504
817 484
52 311
159 765
532 121
950 280
609 922
99 756
337 703
263 595
582 951
911 231
125 952
146 351
19 23
683 12
873 942
154 760
623 286
551 13
661 573
313 423
846 635
637 718
32 9
380 473
74 668
576 758
740 425
522 740
89 121
217 172
776 103
636 170
833 74
563 353
377 310
776 246
762 963
155 19
287 502
593 987
576 282
528 678
969 372
930 978
571 536
19 689
188 200
409 269
992 112
602 970
452 725
993 479
667 154
303 606
898 74
58 671
447 547
323 721
305 78
750 840
287 74
827 193
559 766
851 470
339 395
605 76
24 257
261 572
245 589
585 480
236 768
278 613
335 636
513 252
253 451
200 209
37 962
21 461
243 213
6 147
337 104
29 850
949 865
973 91
974 460
152 387
297 117
752 792
769 308
163 517
717 86
114 237
132 476
849 102
703 903
228 101
122 736
428 615
200 542
826 318
315 831
617 339
856 949
375 103
947 542
842 580
158 411
569 16
437 320
384 628
441 645
830 489
688 386
195 658
659 3
203 143
848 184
223 192
61 805
781 556
963 665
105 673
312 522
701 501
146 244
311 722
812 833
156 829
875 447
912 579
674 702
571 838
572 501
554 152
203 378
279 18
579 743
951 805
568 276
880 38
808 259
757 800
939 735
961 827
502 325
178 7
235 58
697 993
292 3
535 449
226 283
905 684
857 747
396 33
149 759
336 802
886 366
889 58
50 860
657 332
287 153
939 223
54 700
220 172
222 614
499 287
465 723
804 132
538 104
224 759
300 171
710 858
936 931
77 343
573 562
520 674
300 58
709 146
803 469
163 882
121 732
121 801
158 59
388 957
109 591
898 402
646 796
193 704
637 65
911 392
560 44
635 608
484 28
67 12
730 852
802 105
731 53
146 645
113 894
111 223
848 503
756 736
439 724
688 320
564 467
396 122
582 876
566 353
447 855
833 502
299 318
519 227
711 493
15 10
756 902
744 333
854 31
762 180
552 678
354 309
543 881
13 934
244 617
790 742
402 223
460 425
544 476
763 192
822 922
251 276
786 121
551 315
256 824
833 50
228 687
585 888
369 626
409 427
553 60
149 553
874 608
670 953
458 784
145 306
438 985
386 60
886 475
838 191
600 240
606 206
109 658
662 1000
774 758
206 468
328 308
390 751
103 93
899 703
936 865
116 760
121 301
803 147
804 184
277 24
957 902
724 887
225 456
922 350
7 16
642 849
258 444
384 65
202 968
846 49
738 646
29 873
522 935
208 276
335 190
30 109
511 407
342 690
996 821
290 345
147 947
781 769
412 164
488 450
768 180
371 527
601 942
30 670
289 256
60 581
88 646
270 88
863 443
338 818
669 878
948 219
844 468
895 694
784 567
982 334
655 476
269 177
416 875
832 291
227 315
532 760
166 394
443 755
373 126
653 924
140 305
107 174
72 173
643 154
774 944
960 54
814 337
546 947
818 940
503 892
827 966
774 835
576 198
425 574
762 241
669 891
736 412
129 290
718 540
573 295
235 288
698 968
680 179
148 489
184 374
760 129
82 149
652 9
466 244
374 917
76 891
519 315
651 323
263 578
875 737
533 875
770 335
935 523
888 148
358 264
395 286
883 155
778 213
561 163
375 975
12 541
31 259
769 864
419 613
811 807
445 146
46 964
450 341
531 612
253 256
493 273
223 440
774 56
977 76
405 555
890 871
707 103
873 883
962 500
142 694
401 520
280 443
535 794
332 119
796 294
473 835
270 133
493 964
367 607
762 639
545 211
764 449
808 635
806 218
646 435
616 216
264 205
377 324
892 381
910 68
910 782
606 439
769 772
661 798
611 479
739 18
965 417
643 472
736 829
815 190
162 778
628 937
934 856
517 320
425 888
500 292
640 821
75 1000
614 607
795 467
951 567
35 326
655 531
753 621
165 759
638 416
875 30
344 991
400 968
217 425
280 654
24 120
984 694
931 913
627 72
3 386
857 819
745 463
382 476
607 653
956 411
999 779
174 456
638 237
968 505
343 467
433 302
10 842
674 311
517 667
419 432
703 672
704 578
210 503
637 444
765 103
471 508
366 146
646 960
868 880
817 438
89 397
124 448
555 262
259 837
149 473
354 605
464 5
797 477
447 196
623 95
595 758
246 582
851 864
781 841
378 454
656 786
17 548
570 824
330 549
440 221
533 847
388 133
473 683
496 148
24 654
892 274
143 258
695 881
593 651
235 654
571 1000
878 724
56 267
717 618
43 519
389 543
710 509
700 675
882 570
921 698
100 707
563 237
657 144
287 469
911 559
476 434
649 691
917 640
814 286
601 467
468 222
248 138
622 571
473 576
813 670
316 410
619 211
1000 879
770 243
607 434
892 948
880 916
275 832
791 280
561 303
818 342
159 82
16 228
777 166
998 87
713 197
641 352
806 922
477 476
281 369
784 360
23 705
119 620
409 725
600 704
910 823
477 353
38 722
662 504
556 155
668 893
352 93
651 105
671 378
261 322
318 269
329 980
518 106
884 478
775 345
337 885
691 930
565 901
213 631
522 968
657 679
251 88
713 867
825 153
119 65
751 894
860 869
352 864
294 71
497 329
226 777
946 526
801 369
910 397
345 836
562 182
859 415
667 360
734 537
749 492
553 257
518 577
688 796
909 380
326 470
457 261
114 948
279 68
562 672
451 803
641 791
127 142
933 455
156 544
486 795
487 54
804 372
239 689
296 931
741 799
211 80
875 73
491 832
150 61
886 331
69 35
680 216
996 818
687 511
46 493
250 648
162 758
236 939
124 634
93 814
742 485
889 823
671 939
103 341
93 863
491 307
973 617
968 49
197 929
138 81
266 106
627 133
242 925
318 350
428 266
360 464
90 793
811 843
445 585
562 514
584 479
638 662
142 731
39 113
702 435
631 507
803 524
73 815
369 64
446 476
393 208
821 176
768 292
237 73
882 958
573 733
616 110
635 218
281 939
817 809
134 113
569 184
308 404
827 682
702 124
833 589
9 785
636 224
123 415
865 706
847 982
799 851
565 349
217 199
408 812
245 395
895 843
715 465
292 358
274 665
131 32
430 492
178 125
843 225
969 350
606 365
828 135
279 54
889 407
818 941
787 666
183 893
865 142
349 21
297 490
347 96
382 84
807 335
353 963
300 846
593 668
339 830
353 828
462 206
90 697
646 508
789 367
612 774
392 779
263 120
84 555
253 76
955 200
224 958
551 634
422 554
704 615
217 603
30 63
462 765
305 492
180 712
146 552
479 956
9 480
941 663
923 948
85 597
636 626
363 927
401 638
536 463
224 336
445 621
695 473
546 951
8 695
579 32
564 404
50 961
401 408
119 152
657 623
324 988
109 98
999 291
299 662
7 729
947 802
431 509
415 792
17 345
496 248
113 733
96 898
282 104
970 464
660 628
576 615
977 664
704 55
605 740
255 319
437 814
611 47
481 342
508 640
141 26
269 37
752 247
1 655
53 766
917 905
809 112
402 454
41 158
411 316
305 785
362 450
930 976
715 330
538 449
100 55
247 681
840 745
912 150
791 134
564 358
546 839
662 913
849 766
741 952
937 521
872 809
417 522
970 886
992 130
221 208
283 949
658 731
85 934
196 1
241 680
493 818
794 346
758 667
769 561
725 871
121 695
341 622
713 411
841 686
845 142
225 721
301 604
683 332
955 547
884 507
480 897
281 720
670 90
513 781
787 346
76 179
422 387
975 861
686 800
800 735
85 331
160 894
566 266
470 415
542 291
375 22
757 746
624 391
846 597
527 58
86 222
184 338
294 939
631 118
155 467
84 491
880 378
314 923
973 767
249 285
106 766
13 866
805 390
240 104
22 912
100 716
321 745
931 624
956 901
153 976
761 299
650 570
549 18
622 568
753 703
761 148
979 205
706 623
122 358
361 742
966 69
400 934
535 48
424 343
760 476
496 885
232 581
376 485
104 410
107 407
179 514
951 416
608 490
613 721
849 730
737 233
177 37
609 58
880 299
448 592
618 889
803 70
570 327
654 859
872 547
301 781
233 111
872 690
558 676
621 809
837 764
932 512
256 33
115 508
134 70
747 515
313 33
646 941
618 380
74 292
566 244
474 20
419 653
868 996
266 312
307 940
513 873
753 428
163 688
807 75
259 561
891 314
798 794
51 435
534 880
518 405
151 596
463 678
527 489
394 727
125 751
592 12
812 513
105 643
218 418
511 891
313 565
334 800
522 698
708 705
683 901
887 381
14 353
734 464
535 257
536 737
387 81
740 577
944 786
373 920
890 50
429 982
58 134
70 968
903 754
101 814
88 151
767 505
804 373
439 434
701 987
26 213
193 556
361 706
782 644
415 421
399 800
93 11
425 593
120 919
304 366
103 118
340 676
3 332
7 364
768 556
839 723
219 970
201 331
701 48
371 183
444 569
58 826
361 397
125 508
733 253
741 722
759 662
33 755
265 123
538 876
206 918
891 529
985 849
710 614
897 155
707 252
929 298
217 616
16 653
223 582
8 525
902 9
289 36
787 293
5 160
214 380
462 585
267 621
696 873
125 913
697 16
325 151
328 621
94 576
699 622
886 556
479 142
673 15
752 512
159 824
886 607
905 76
635 221
35 899
325 823
702 125
818 614
835 412
657 940
469 134
660 593
649 192
856 316
454 245
862 246
809 906
611 50
815 164
925 548
748 137
447 238
549 968
770 999
610 230
203 260
120 614
500 232
356 878
753 758
974 750
326 221
365 889
446 535
577 305
615 857
27 784
671 731
908 191
469 683
700 57
154 149
124 907
148 491
165 563
921 173
387 521
547 295
921 94
760 242
244 387
281 191
409 882
764 714
829 90
438 487
777 703
280 961
692 688
267 205
476 759
548 810
10 185
708 16
727 276
931 307
811 793
8 602
906 127
335 699
62 301
424 810
371 719
246 969
832 252
780 747
760 358
472 566
255 789
589 117
958 826
66 402
929 16
574 874
223 344
354 409
317 259
617 261
471 542
700 964
208 830
30 523
626 476
117 743
887 7
49 847
195 985
625 28
916 991
886 837
388 336
302 506
529 342
930 783
93 399
791 818
888 937
445 498
231 257
948 479
334 570
27 990
675 602
697 970
79 994
724 501
357 716
841 311
202 507
496 532
315 200
316 359
797 907
286 603
947 447
54 727
917 731
408 453
283 519
590 692
607 638
813 491
524 98
94 258
107 712
96 39
775 947
759 397
156 900
233 114
896 328
916 332
291 366
484 261
323 897
180 574
253 448
609 360
314 324
7 235
409 616
342 286
272 720
989 637
756 280
439 604
996 271
707 180
907 310
600 772
285 118
233 829
881 761
419 656
741 93
817 517
466 685
532 516
77 750
308 184
208 907
852 684
51 455
451 957
713 982
222 380
170 475
173 808
910 439
517 127
386 531
43 744
407 139
164 286
592 335
554 130
321 895
344 8
622 735
807 635
810 301
350 482
301 990
196 908
348 711
518 901
408 660
889 771
852 215
946 172
965 848
882 592
878 935
936 106
919 99
61 343
628 685
205 940
847 461
305 249
323 545
265 254
289 610
605 60
510 160
917 352
556 480
256 480
991 832
120 201
351 84
157 476
395 459
492 973
112 861
774 341
225 530
210 326
104 733
450 505
343 102
552 613
742 168
143 87
751 202
384 902
259 786
547 827
824 404
53 46
42 305
738 946
377 966
780 691
418 492
147 22
5 598
462 925
307 988
548 806
735 484
682 240
310 721
406 912
958 93
282 738
561 693
29 375
13 594
530 316
157 59
470 299
286 710
386 580
646 494
635 161
563 444
586 456
551 423
661 739
631 85
52 814
196 685
402 365
97 899
994 499
960 271
158 380
338 623
339 698
984 133
303 991
35 597
986 607
680 670
900 387
665 613
120 587
890 51
178 87
731 769
588 654
354 382
774 971
496 382
95 430
156 546
568 674
770 802
753 602
257 925
495 549
813 640
406 62
762 216
619 177
966 422
749 558
224 199
225 114
903 403
5 852
248 205
823 344
537 375
554 703
850 278
651 459
245 736
931 939
288 935
326 547
976 704
97 297
580 450
270 854
980 587
51 933
656 257
40 694
257 458
780 994
660 312
402 600
935 326
812 19
299 224
436 783
675 259
119 400
105 290
411 172
521 496
333 274
502 651
905 395
406 958
125 912
453 905
373 569
924 778
449 430
51 398
215 643
454 953
241 12
816 530
985 445
821 815
255 551
492 155
130 946
916 597
65 111
901 808
109 158
106 774
687 891
374 2
442 738
919 340
387 63
338 595
356 664
922 731
728 102
123 620
605 416
397 219
24 877
577 391
761 226
861 839
776 395
357 568
733 149
176 838
209 668
145 573
150 334
818 284
15 836
50 581
219 838
201 503
498 307
109 891
582 495
215 242
681 974
310 4
725 833
854 559
410 764
929 324
16 603
733 994
849 237
371 801
214 313
313 88
258 811
647 455
530 196
262 867
411 551
211 889
90 106
623 68
132 395
958 827
742 594
748 667
177 778
566 300
414 969
772 699
512 642
433 781
105 568
126 914
143 442
271 241
184 201
807 995
954 565
243 678
613 283
468 769
269 321
273 902
114 536
511 899
683 972
689 655
134 772
799 710
250 155
269 1
696 305
164 335
844 729
899 101
939 759
321 772
620 48
857 866
150 705
594 663
61 306
500 342
567 675
304 457
305 864
827 341
306 187
839 999
696 312
943 26
637 900
303 602
514 231
275 809
509 837
562 219
780 102
908 51
968 286
241 844
937 227
258 344
375 873
49 69
666 252
560 855
176 64
124 654
242 965
507 651
462 458
85 789
176 223
140 634
660 257
128 146
556 178
663 910
483 582
803 283
702 623
439 607
765 469
488 127
162 224
881 760
272 864
935 415
149 486
150 769
854 277
211 789
215 869
53 122
971 459
57 127
869 504
946 775
929 51
180 115
312 43
437 396
540 659
833 415
138 939
865 814
147 987
22 128
943 327
411 990
564 136
857 130
160 94
327 34
664 361
117 14
687 834
700 719
705 103
190 761
36 31
930 784
37 106
790 568
496 452
973 846
407 104
890 28
302 134
931 626
217 430
992 612
558 951
121 74
925 924
14 677
342 758
239 670
600 24
587 623
372 825
1 395
420 427
439 473
277 302
170 830
412 144
989 107
210 914
616 913
196 321
382 108
709 13
496 920
767 795
576 350
760 43
64 610
177 261
570 308
272 543
144 397
66 50
760 922
263 748
637 492
950 332
250 964
841 767
220 748
148 113
149 280
852 678
523 39
983 317
765 8
508 23
905 927
129 836
77 6
940 132
284 474
780 733
565 785
712 251
359 950
57 42
366 28
713 663
825 45
721 140
885 945
356 161
906 983
858 47
971 324
535 863
811 415
982 906
998 835
199 170
146 50
649 89
229 599
705 844
208 804
683 886
557 849
446 656
138 673
359 689
17 432
297 380
809 940
937 231
60 370
316 228
320 239
448 468
196 850
622 760
188 430
797 985
725 241
801 705
287 458
752 49
774 968
714 376
736 517
547 238
348 859
115 576
525 11
636 754
325 37
930 592
697 882
29 554
844 967
504 56
572 985
867 858
594 897
850 279
568 880
563 459
612 877
818 456
975 350
475 151
719 952
140 738
707 960
605 860
894 438
698 133
435 985
590 911
333 94
978 149
724 593
512 321
965 425
162 70
181 346
332 794
299 227
392 479
530 861
235 865
52 425
347 255
367 240
23 349
661 322
668 610
484 899
584 337
983 443
125 943
734 999
665 560
189 434
209 412
565 23
638 631
108 678
223 247
542 806
937 200
846 18
709 905
562 910
122 873
401 108
94 964
670 620
489 987
531 230
917 769
274 261
792 762
244 555
613 622
562 752
794 722
154 334
159 473
182 656
754 151
75 960
576 171
45 744
852 8
66 979
529 27
325 136
442 436
924 738
525 47
139 508
670 190
322 938
590 559
974 910
244 239
465 654
943 913
451 463
982 889
742 882
894 240
567 186
93 783
520 751
478 859
634 533
194 742
926 719
840 140
604 445
738 567
6 793
911 451
716 950
509 912
851 509
210 271
8 515
710 155
458 789
21 293
635 703
686 553
120 480
998 463
674 497
227 739
879 56
385 549
497 202
618 362
873 887
800 409
124 47
768 229
971 558
988 576
443 150
354 548
949 91
894 759
682 806
928 362
30 766
308 452
845 299
907 618
65 217
892 266
89 211
878 333
459 961
722 841
338 786
302 393
400 497
553 154
327 206
592 357
791 735
829 392
23 305
812 858
240 651
568 398
213 788
362 446
288 437
986 532
553 253
148 853
347 978
421 359
830 925
355 832
514 450
986 647
182 636
681 435
221 410
645 552
773 611
798 962
943 855
400 957
992 935
922 990
374 555
486 945
253 922
514 228
495 973
16 252
201 176
846 288
586 118
903 363
10 406
671 991
505 522
993 813
334 103
842 197
29 523
915 9
794 345
391 821
77 144
576 441
372 508
219 736
393 849
750 649
306 990
152 731
190 320
341 988
971 637
664 99
803 953
703 898
377 808
671 416
450 36
275 51
60 811
389 71
872 21
415 854
725 333
655 860
656 790
198 729
768 368
806 280
259 615
869 328
446 411
270 101
74 554
114 347
976 386
316 995
958 54
264 30
30 613
568 76
260 484
131 462
230 808
269 356
752 944
53 573
751 586
609 90
483 782
514 899
615 73
762 401
821 773
494 848
136 310
435 864
606 177
883 844
573 24
442 522
406 417
11 531
213 921
435 403
611 810
939 867
46 251
549 224
3 196
421 637
914 686
129 366
790 101
149 867
496 897
478 753
693 870
710 972
770 17
319 388
959 982
343 258
823 20
201 317
419 370
497 598
663 719
334 67
851 343
547 78
569 522
917 64
367 505
370 303
903 109
962 555
870 480
543 26
655 764
713 299
55 684
497 944
870 371
375 947
927 776
935 301
612 654
974 301
647 505
375 800
862 973
30 389
986 455
324 738
574 710
149 505
204 31
665 603
99 307
379 3
640 407
34 698
612 115
942 836
85 221
857 364
697 475
773 86
597 370
636 216
14 74
187 914
26 540
868 315
527 136
624 783
786 114
904 909
181 588
844 316
956 838
50 313
758 457
297 254
783 464
161 865
143 945
746 958
358 650
443 859
210 706
887 668
73 202
678 409
331 526
875 77
452 810
53 981
112 447
184 796
847 419
172 877
378 606
749 957
58 336
131 644
461 693
978 481
941 235
7 510
72 735
68 248
625 977
3 623
958 705
614 167
629 736
963 365
127 308
582 385
896 306
146 945
257 627
629 938
169 503
832 580
535 384
83 889
417 130
24 140
301 528
327 528
949 194
256 191
20 200
683 376
793 456
17 647
483 494
122 690
871 643
803 675
453 998
578 737
389 14
160 842
894 627
54 263
885 916
731 306
214 852
420 763
780 262
255 893
78 655
27 395
134 621
851 909
467 5
734 518
346 719
761 676
833 247
580 673
564 65
86 261
469 131
587 288
398 129
152 811
28 134
108 468
843 11
827 654
244 564
804 694
39 919
905 525
835 844
179 816
550 481
73 783
961 998
945 473
728 23
477 92
244 889
870 925
837 236
88 485
453 211
236 741
791 239
292 162
245 337
46 418
749 929
593 411
510 111
827 187
962 990
380 623
13 711
70 503
898 130
875 740
824 786
966 573
189 928
186 572
483 735
474 262
402 555
920 148
57 771
564 707
414 130
219 102
493 379
275 312
183 451
186 357
314 286
522 219
261 373
299 206
337 919
524 445
513 948
181 46
113 680
756 694
557 323
323 341
218 37
828 323
111 274
1000 493
651 659
375 153
527 268
660 931
167 173
777 201
378 286
968 636
53 262
735 318
811 486
13 920
143 309
401 190
384 338
905 254
264 242
321 999
947 855
344 384
896 483
611 450
961 55
943 387
620 268
268 697
775 894
239 934
682 379
758 390
814 404
725 199
971 782
783 411
886 122
264 447
361 637
359 555
537 610
205 820
390 910
503 863
573 213
776 425
140 48
514 229
456 357
754 906
178 426
139 360
253 778
895 431
625 703
366 603
375 652
63 537
923 552
213 199
974 133
366 908
794 311
499 39
228 559
689 43
214 526
231 676
768 646
362 789
453 634
275 630
483 763
689 388
400 863
603 730
389 275
428 319
889 949
405 985
841 596
149 484
176 398
927 565
751 913
807 163
114 118
704 916
501 662
906 368
165 495
203 820
976 500
596 837
977 845
209 475
997 386
946 660
970 882
929 930
17 117
369 157
613 882
736 516
877 23
790 732
496 24
939 422
212 300
416 825
496 119
244 765
340 200
201 646
364 182
610 826
287 464
752 23
420 247
307 505
421 282
813 520
251 736
187 309
539 24
118 879
231 4
801 773
920 54
535 76
224 318
975 133
541 859
268 225
264 749
755 551
979 47
652 127
966 130
89 821
665 252
866 583
766 140
246 557
932 302
194 559
690 744
859 59
989 530
354 937
375 541
175 897
569 634
162 32
220 750
684 93
336 499
923 963
17 840
825 849
309 32
517 523
4 594
405 466
164 920
536 11
475 841
760 745
834 816
858 186
994 827
381 639
100 217
657 666
855 859
537 247
181 824
402 55
320 596
962 31
268 908
730 227
806 148
679 158
41 892
703 276
49 827
415 988
342 852
770 765
54 458
425 8
598 133
969 587
786 115
350 589
260 862
339 703
490 689
1000 914
286 869
352 673
273 763
673 172
856 241
268 423
206 431
562 447
376 406
193 544
693 935
178 436
997 309
418 647
719 247
836 945
365 947
849 570
460 961
82 171
463 346
980 368
177 69
90 686
54 781
384 313
21 45
918 789
977 303
141 708
533 194
232 657
722 253
741 303
318 752
409 692
757 486
533 51
647 79
741 432
137 258
647 980
342 325
570 40
682 558
168 988
1000 133
217 669
643 921
937 756
167 59
959 47
428 549
820 807
513 841
933 576
346 938
241 176
60 748
43 902
933 977
91 914
13 627
290 932
690 334
248 850
869 528
178 901
506 22
290 791
576 528
353 425
397 899
198 339
183 549
757 960
574 142
282 790
445 490
672 402
986 574
74 468
572 443
368 249
35 451
472 295
408 719
151 425
923 176
97 330
150 316
272 14
386 26
400 800
228 564
248 381
965 934
931 874
524 937
554 527
518 715
426 878
671 852
28 762
406 721
145 889
898 16
257 152
700 164
609 444
140 706
687 414
157 639
656 66
529 980
215 425
253 71
993 775
921 34
461 809
997 759
259 591
49 175
395 391
732 100
327 832
760 101
907 32
600 526
216 963
916 210
702 743
59 867
777 524
996 384
834 551
267 862
897 251
717 474
662 421
665 327
194 825
85 894
388 905
104 54
552 862
661 356
39 16
440 742
850 607
617 376
191 213
769 707
764 104
801 210
269 412
87 501
56 23
256 553
47 859
532 469
276 113
213 48
565 267
749 30
661 792
153 733
762 859
890 148
28 235
929 592
981 387
577 70
527 880
866 124
406 411
580 818
395 918
717 661
714 184
610 121
938 544
938 706
796 902
121 28
598 542
487 117
880 799
473 671
383 420
960 135
966 155
69 85
475 386
295 663
701 880
775 649
409 48
192 416
376 61
12 251
561 406
410 394
110 605
21 244
23 586
444 765
376 795
710 640
91 368
76 740
860 952
814 674
46 520
141 780
391 716
881 620
399 329
147 288
169 696
332 860
977 17
311 260
926 90
12 347
860 458
664 101
804 516
17 129
321 390
655 809
454 478
838 58
321 311
964 463
747 969
204 68
997 385
782 343
30 728
569 138
38 402
829 712
565 254
469 201
808 605
471 943
75 78
576 553
648 230
795 841
449 621
1000 848
199 993
381 926
477 735
406 325
943 422
610 470
784 629
52 283
251 510
134 562
863 159
424 100
978 951
174 848
620 384
676 434
895 782
461 510
867 297
905 580
926 830
819 394
531 510
843 304
420 71
406 22
460 64
123 902
735 759
370 873
704 73
776 582
357 637
124 856
415 93
291 67
594 920
144 303
168 421
830 697
637 647
811 566
547 112
289 832
858 463
242 736
189 999
98 796
580 136
506 861
68 932
241 472
81 55
906 928
101 60
229 119
358 677
417 85
384 922
114 185
685 836
89 160
301 699
397 679
623 8
220 525
277 188
688 327
637 188
51 521
879 227
940 421
209 437
838 856
342 139
169 967
868 199
562 790
635 820
337 521
624 547
90 323
700 904
493 902
55 28
424 659
691 759
731 758
679 366
791 656
639 634
794 412
839 100
552 109
83 724
490 702
735 932
481 401
210 561
946 253
230 34
35 550
511 213
847 655
758 126
631 740
889 509
616 579
356 966
692 920
774 862
956 21
278 9
620 138
692 527
785 347
808 4
607 412
738 349
995 630
379 953
112 512
950 204
589 516
343 691
260 228
608 800
185 593
581 19
512 550
654 865
713 235
72 253
589 520
849 475
522 451
408 223
337 143
581 932
196 70
516 785
521 649
573 704
116 797
903 83
162 69
256 2
954 985
833 792
280 136
834 627
128 460
488 881
629 714
75 214
225 796
688 148
449 640
432 594
217 668
169 513
332 251
171 191
105 439
837 910
693 577
459 248
170 125
375 36
623 258
220 823
61 757
262 564
633 715
433 886
714 705
611 347
920 532
557 801
467 563
729 764
86 283
35 791
75 22
958 351
728 332
456 911
735 11
442 750
995 982
317 190
748 134
967 420
970 152
75 884
334 547
982 547
783 566
105 211
792 923
153 915
870 512
912 160
951 705
170 866
102 361
528 336
280 140
572 9
554 524
686 1
118 711
872 294
435 747
607 513
996 732
46 275
163 213
310 388
348 207
261 704
523 159
600 608
337 896
675 78
833 347
443 402
784 823
38 653
846 20
378 834
710 583
783 523
717 473
833 740
906 120
128 424
699 931
242 10
152 478
355 761
854 269
266 362
413 457
536 68
864 593
506 742
821 109
291 53
200 633
632 604
83 848
924 874
963 788
711 434
804 784
622 123
34 736
510 997
193 639
60 55
428 808
694 567
792 571
132 36
995 20
961 388
800 6
147 673
333 886
800 117
566 876
71 198
520 20
575 758
779 769
981 171
343 838
969 659
218 697
572 344
810 453
45 696
528 358
103 14
632 506
291 840
974 719
520 882
773 608
23 129
32 572
876 213
426 944
541 885
50 176
602 837
785 291
988 302
41 563
488 536
175 536
180 886
86 232
279 590
193 777
470 523
991 875
797 914
474 361
78 111
261 437
542 990
485 87
552 654
573 776
759 977
225 634
615 974
30 29
720 431
243 330
940 156
485 265
259 842
975 938
137 426
377 813
977 647
324 536
308 133
226 538
388 253
47 536
927 708
548 783
583 689
237 122
293 696
385 805
78 602
815 551
891 133
412 26
251 851
735 284
521 238
649 33
152 583
597 347
255 763
240 128
38 87
591 905
762 781
174 631
269 353
911 790
23 342
730 561
83 571
144 981
914 233
457 274
38 305
408 874
851 243
616 473
669 625
783 165
218 669
934 895
481 485
729 271
362 288
382 807
844 584
41 781
151 464
390 616
581 395
875 98
123 921
612 807
572 66
24 984
979 64
620 822
537 670
941 132
301 101
943 586
569 813
487 382
954 369
612 885
297 710
300 163
656 395
381 72
594 187
872 553
10 280
727 501
401 909
515 465
340 459
539 411
153 304
441 237
634 810
807 355
739 697
404 342
777 980
9 290
99 679
214 212
91 795
453 912
313 261
315 851
156 341
267 724
87 463
678 758
661 10
539 668
591 847
356 316
506 385
783 25
143 510
72 387
114 639
173 775
981 912
145 238
401 132
455 457
131 303
9 847
598 155
322 414
549 980
900 505
388 277
531 319
967 789
792 785
240 916
361 938
456 626
956 935
601 304
922 710
637 367
365 655
465 533
413 749
140 107
783 755
936 218
629 567
249 895
895 400
608 690
440 804
511 411
426 795
408 258
603 969
128 897
890 95
224 58
131 534
249 601
267 86
59 1000
107 155
106 453
287 808
182 22
573 735
479 560
745 170
354 641
552 582
811 819
594 449
323 163
172 879
986 311
513 941
551 941
389 506
392 338
670 5
626 824
471 274
897 447
539 858
117 890
1000 22
396 112
837 909
40 755
794 848
941 991
436 943
602 153
565 19
700 830
32 532
489 817
19 224
238 980
956 519
881 192
711 625
541 106
504 557
505 212
692 168
161 544
57 631
369 901
249 900
943 89
784 702
36 795
819 272
536 707
796 781
445 962
670 882
680 782
74 37
810 625
426 933
502 389
486 830
126 273
879 829
2 185
865 135
666 336
383 369
425 550
585 768
782 618
987 660
946 770
297 636
839 746
598 722
68 313
583 394
163 71
476 6
956 280
840 289
253 212
456 42
883 325
441 474
600 609
339 503
983 934
846 490
641 962
7 108
209 391
289 783
815 974
281 419
444 825
450 314
896 128
474 436
584 403
986 267
463 371
973 290
367 784
902 5
959 508
483 271
726 473
926 143
824 337
346 29
73 867
772 529
170 207
262 427
389 111
158 420
631 325
317 285
428 666
378 348
240 278
848 213
462 841
356 500
618 995
322 292
506 441
513 629
274 67
422 203
70 823
873 695
415 918
472 120
402 287
60 327
411 23
965 580
123 289
680 716
238 722
352 525
577 68
26 450
500 445
744 563
339 889
716 975
107 245
415 692
680 859
323 853
338 451
856 60
378 832
658 782
307 324
562 498
467 10
567 583
649 674
605 796
250 489
953 832
736 432
115 941
866 719
709 387
837 94
874 15
36 243
609 23
542 573
559 641
391 19
68 172
166 188
914 872
187 214
244 493
534 432
438 453
668 994
565 367
105 50
712 998
215 528
767 576
181 365
453 520
883 127
759 976
210 495
11 226
582 607
748 772
595 928
30 991
687 785
195 494
103 713
217 682
552 941
502 581
787 355
61 602
553 353
750 94
401 381
705 511
518 416
445 876
856 504
263 831
322 153
678 858
773 126
522 830
415 997
824 58
697 300
331 218
320 361
912 557
5 678
675 798
70 939
914 230
990 901
937 31
425 819
373 909
725 216
503 542
537 978
75 831
131 97
369 734
669 476
619 826
458 89
772 36
126 522
978 727
135 942
227 601
950 237
362 176
35 362
19 837
499 377
745 625
999 397
951 46
904 792
721 537
496 788
775 892
776 678
119 838
241 447
525 341
528 71
231 884
497 586
594 184
677 720
444 643
85 835
44 708
841 785
573 698
119 612
10 232
393 736
926 410
158 32
498 455
525 904
471 408
9 289
686 613
856 892
194 895
176 478
164 923
717 113
220 527
976 224
170 244
388 835
200 420
266 291
12 771
259 566
816 669
748 728
985 314
764 14
752 539
825 161
554 289
207 773
557 682
338 948
454 998
486 815
298 370
804 952
217 66
680 614
420 929
256 642
296 367
995 47
706 390
375 273
322 415
847 619
868 438
815 137
1000 518
27 770
986 601
289 242
956 817
390 811
192 46
527 938
294 571
303 689
706 731
260 526
705 241
511 309
153 215
123 789
72 769
399 862
318 778
64 677
969 230
399 719
184 98
131 537
375 736
729 806
452 91
954 133
513 643
557 40
44 125
119 731
358 357
326 936
225 560
627 285
216 921
729 960
437 203
15 104
21 268
668 857
172 872
195 25
12 705
453 849
368 963
773 498
24 143
760 665
376 674
929 156
204 424
316 722
834 787
657 746
812 702
650 161
9 63
768 316
678 787
200 686
415 226
640 742
971 244
226 805
122 882
394 837
472 157
164 627
492 32
496 35
313 627
316 790
389 974
818 752
446 689
433 598
929 585
804 547
970 311
938 809
460 597
579 537
250 129
865 420
828 310
780 148
528 692
583 214
404 663
23 127
265 803
303 735
550 372
650 890
596 18
680 45
662 909
512 998
965 52
641 646
625 663
719 69
331 780
813 384
923 576
429 503
487 641
490 231
401 110
183 136
885 286
102 984
196 21
803 7
306 725
551 669
328 101
556 309
229 427
950 69
863 812
870 428
671 149
238 458
590 31
246 849
926 125
17 789
659 418
676 588
864 996
518 155
918 641
284 293
780 738
267 561
521 877
628 800
665 535
481 930
302 688
104 215
911 30
554 505
481 531
647 624
393 325
32 3
568 181
470 341
18 42
365 129
114 643
422 200
119 577
764 329
674 545
311 704
152 779
283 35
530 32
351 848
999 932
302 364
748 228
732 737
35 590
754 597
295 989
369 561
614 709
429 791
730 656
934 818
373 202
545 647
529 250
417 800
269 831
823 504
224 655
878 545
36 109
426 833
979 423
456 843
942 137
671 821
747 211
953 688
917 341
595 103
337 299
746 921
981 381
287 973
560 14
975 368
997 744
755 19
803 35
346 442
162 205
522 409
872 606
194 630
907 682
983 826
332 622
73 595
238 375
940 135
756 496
774 243
81 200
870 618
151 619
564 675
357 107
919 961
271 799
932 635
313 13
370 230
461 189
355 646
673 893
845 23
773 458
613 11
617 200
394 473
893 267
806 386
220 987
431 699
952 402
664 262
80 189
445 875
212 586
617 220
345 47
26 658
636 177
471 298
195 557
649 633
89 419
347 417
201 569
492 104
829 423
562 546
81 670
156 823
303 960
376 755
967 473
364 178
421 437
820 875
227 378
120 836
672 477
726 640
182 674
352 665
98 501
84 64
639 310
978 641
438 971
311 379
562 407
581 393
710 39
452 819
533 758
747 46
106 186
735 513
187 23
121 287
984 667
21 600
138 320
157 548
37 650
867 887
318 585
335 949
121 633
603 653
162 655
343 398
945 818
802 157
220 746
673 936
91 127
897 288
494 310
756 379
8 537
595 959
401 574
254 616
20 160
973 198
846 876
759 725
209 281
66 418
200 548
399 76
846 927
206 638
7 635
122 637
910 376
17 767
488 609
56 99
696 734
384 375
313 372
540 717
725 327
816 621
364 865
847 852
169 853
665 888
575 453
743 807
246 325
553 767
240 174
723 715
583 975
967 44
36 658
381 959
169 119
62 458
174 768
856 471
529 279
571 892
933 125
735 929
238 651
277 70
761 350
231 326
303 853
325 781
375 716
4 470
157 569
887 667
139 633
126 507
328 398
787 649
457 110
330 228
790 708
336 873
387 375
748 466
936 220
793 885
761 41
45 928
836 957
310 268
331 867
150 165
465 309
658 648
515 273
20 657
292 926
884 118
921 74
119 805
301 216
709 235
220 424
572 821
43 417
906 865
484 373
662 327
574 420
950 126
491 647
993 985
588 911
457 644
350 134
405 940
155 777
431 940
983 83
237 909
739 727
775 295
447 182
696 642
553 799
254 644
32 220
60 889
276 814
392 291
925 71
303 471
254 650
364 679
165 466
786 77
4 848
406 964
291 633
389 154
172 542
212 531
530 392
819 229
380 345
751 826
535 889
459 74
738 643
557 653
209 551
640 743
436 330
368 384
791 576
601 854
284 134
748 995
52 922
456 803
346 635
772 115
773 966
188 362
766 779
344 232
731 580
498 737
86 504
783 386
967 417
878 516
458 115
784 719
37 913
417 938
330 137
205 779
169 269
774 202
870 519
373 245
969 470
770 769
315 531
224 267
12 564
408 578
904 583
335 41
358 250
527 687
901 663
141 920
480 84
462 164
860 336
211 484
908 6
582 181
676 58
864 458
33 454
814 936
651 944
819 530
179 214
500 634
686 230
393 605
124 609
953 629
25 138
614 68
928 821
871 879
796 866
841 808
388 599
48 500
102 827
507 329
896 130
590 28
432 911
319 14
712 170
287 556
557 446
816 888
730 786
551 800
21 513
500 327
601 615
375 148
359 819
677 666
75 376
994 526
977 868
470 507
952 102
350 861
354 256
469 49
199 104
815 354
728 444
47 212
873 693
714 627
911 831
435 110
734 374
660 637
330 888
830 165
423 753
374 97
947 971
565 440
731 928
218 533
120 539
726 869
16 310
469 388
78 458
973 820
507 686
865 304
684 780
201 88
595 643
61 444
541 882
704 144
281 65
173 51
710 986
487 343
514 145
720 870
21 143
41 577
119 892
469 937
861 503
534 455
832 739
410 569
747 496
766 44
202 935
137 101
168 703
113 621
183 397
955 348
370 148
650 290
300 367
91 18
57 422
275 347
42 690
82 207
797 290
356 86
217 680
271 911
756 663
205 183
777 782
6 424
635 974
637 148
587 931
493 124
260 291
655 858
603 157
623 214
381 711
466 94
39 385
333 676
377 524
940 877
126 945
625 675
697 449
476 832
476 833
668 326
302 572
70 680
87 522
255 740
716 122
75 66
645 178
652 722
635 10
449 137
143 645
610 836
661 824
795 250
522 542
834 284
711 70
739 864
633 654
422 188
92 549
837 478
852 223
840 703
35 415
936 82
75 910
258 98
259 199
67 661
154 51
482 900
540 940
469 762
861 136
433 725
311 235
499 379
796 454
13 349
839 593
953 866
338 86
211 412
908 354
841 53
823 253
366 632
58 297
650 533
723 57
600 428
92 24
555 656
900 777
208 493
410 541
642 832
777 767
816 236
7 831
983 217
659 767
932 521
536 370
833 816
81 43
157 444
390 213
358 601
180 649
479 273
573 922
355 433
869 35
575 145
815 742
747 792
470 65
329 851
973 342
904 419
82 953
636 496
85 374
752 541
532 171
789 580
901 26
149 200
436 375
344 462
777 486
448 444
428 898
40 854
900 484
406 357
282 831
361 798
87 780
807 535
477 848
4 320
957 102
939 679
279 94
531 433
808 234
420 16
295 996
61 258
322 814
36 960
37 361
900 681
278 13
357 524
690 978
399 383
433 493
315 8
5 993
351 734
390 730
727 711
183 468
127 871
662 86
719 99
847 94
672 500
102 163
694 423
435 768
866 612
685 224
888 20
337 370
267 75
144 189
163 138
201 451
76 729
438 16
977 290
851 377
696 884
68 117
110 230
401 878
788 270
115 50
499 147
594 444
794 522
617 101
814 585
526 202
971 682
909 47
243 263
446 232
157 75
696 643
132 415
996 94
639 966
485 479
821 21
159 658
200 577
954 694
95 784
631 354
615 748
393 222
829 667
725 346
318 128
156 43
218 434
894 855
22 644
893 352
75 10
57 523
22 631
683 843
26 634
728 336
82 76
126 683
255 269
737 518
984 383
494 675
946 266
251 442
14 330
252 977
202 234
535 316
558 903
64 199
100 653
512 871
269 904
110 31
477 37
267 608
926 890
892 784
992 914
535 2
224 268
41 842
261 921
562 92
608 738
992 769
460 972
120 956
916 767
185 512
589 780
387 624
214 885
733 167
383 626
371 154
427 732
764 707
871 793
174 443
396 593
181 278
556 198
975 700
32 736
987 194
225 707
336 941
253 277
497 195
100 440
600 928
143 236
989 818
352 13
454 918
375 510
674 234
68 557
694 745
798 898
130 844
5 28
815 527
104 217
433 773
469 79
271 249
293 273
242 379
66 519
669 982
838 567
105 689
126 997
131 475
574 77
886 803
88 796
86 315
416 787
143 672
290 820
758 361
631 21
28 224
654 84
480 396
64 180
579 759
249 248
433 449
53 708
992 592
849 953
994 34
716 684
164 198
718 677
40 76
867 385
463 74
22 677
309 880
737 893
758 213
409 138
858 987
692 707
767 9
948 885
639 649
771 212
775 644
652 81
784 89
948 996
951 455
317 325
369 786
337 297
101 464
909 975
896 466
480 351
484 447
671 85
833 954
615 312
922 427
522 278
413 135
507 340
306 985
200 300
76 455
223 624
996 304
1000 179
910 576
68 867
863 544
938 393
355 793
548 676
114 112
721 152
830 266
436 763
730 102
68 513
34 657
436 237
990 588
267 233
994 531
337 544
47 917
524 285
754 179
666 817
99 506
213 110
584 590
401 156
387 845
575 304
155 429
691 271
892 404
74 311
645 378
539 323
297 108
777 346
636 913
620 366
740 599
64 144
643 866
463 819
657 141
531 404
634 781
734 397
292 416
956 927
580 787
49 733
50 110
966 32
680 969
718 641
573 130
649 626
101 641
391 317
981 429
654 509
1 387
257 825
793 671
352 505
684 48
382 929
230 510
129 359
685 362
851 126
724 240
531 568
702 622
993 209
611 670
560 924
585 63
548 181
327 886
328 80
115 168
433 306
353 739
229 400
620 615
34 158
290 244
845 838
132 759
793 219
975 711
724 581
618 64
582 559
894 493
879 411
439 522
82 261
898 754
428 281
930 55
417 104
237 935
613 220
