985 2833
673 874 402
681 382 229
226 491 644
85 229 854
181 422 216
577 501 562
178 378 5
666 106 534
795 765 263
162 140 887
617 193 454
5 611 848
74 328 243
574 228 903
152 28 840
424 795 90
655 400 864
763 957 401
964 624 708
193 870 957
632 225 841
143 228 581
425 849 754
18 93 378
582 265 893
843 154 182
561 939 365
574 159 837
34 402 59
889 560 197
981 727 302
187 817 4
315 705 30
367 295 605
85 616 816
675 830 827
712 163 881
669 282 398
148 618 950
318 850 822
676 119 94
449 145 312
597 808 118
493 801 320
933 101 357
354 520 572
899 355 97
265 832 454
101 299 759
947 613 50
601 900 622
352 300 264
493 616 288
323 884 589
105 550 250
32 572 687
513 412 650
923 282 609
312 133 654
175 346 223
534 778 423
121 873 879
419 925 347
877 487 99
869 19 282
356 442 590
303 489 528
89 317 431
222 880 822
894 396 65
562 261 796
266 899 851
674 235 730
719 660 659
125 48 719
788 47 405
757 153 249
844 945 78
772 524 160
590 730 267
258 705 676
445 42 165
601 34 367
740 961 832
149 713 870
222 501 4
875 158 479
184 195 229
338 729 284
916 617 658
980 802 45
974 917 297
505 447 479
706 121 163
316 218 28
62 846 803
753 12 848
643 579 620
182 884 73
634 140 372
298 615 394
402 847 672
69 368 785
317 952 290
174 314 396
698 727 885
850 563 223
325 144 556
85 24 888
765 48 490
603 478 372
144 866 713
26 770 548
166 214 501
41 455 607
280 655 99
109 206 907
844 397 121
368 907 605
514 558 452
55 259 149
223 804 22
198 820 298
12 54 439
213 108 725
339 335 207
312 715 637
144 336 781
259 543 821
125 154 457
689 503 763
789 220 445
713 499 197
961 669 253
793 661 657
880 888 186
625 683 472
643 907 535
950 270 880
99 695 989
978 446 281
170 869 47
141 246 643
302 308 972
753 675 208
248 354 255
834 780 987
909 244 419
534 36 626
382 74 125
258 197 299
953 198 316
118 625 593
435 139 558
830 576 853
236 150 69
191 747 606
852 583 307
311 330 880
843 371 909
943 281 704
561 481 107
457 918 484
358 631 123
507 719 335
529 949 235
553 78 499
501 37 266
602 832 935
633 317 931
213 36 87
892 439 409
52 294 453
793 36 596
883 298 175
750 700 910
923 696 529
546 28 990
556 521 658
130 745 419
886 732 605
124 216 486
853 925 962
489 306 56
129 212 553
148 463 271
92 796 508
177 297 571
311 984 597
645 240 832
591 48 928
915 695 119
856 124 444
803 507 567
338 951 829
7 345 943
522 827 642
554 880 832
427 437 439
582 924 4
572 700 503
623 833 709
482 66 416
371 87 620
359 514 697
909 344 88
853 26 713
713 559 609
263 93 626
536 809 652
851 811 379
963 189 956
744 58 392
580 237 192
816 836 749
596 583 639
530 261 419
535 911 20
252 952 741
285 324 71
334 864 964
396 122 983
572 183 461
7 11 432
845 476 606
110 159 762
206 286 465
546 577 169
532 134 767
903 48 345
784 614 881
944 503 751
289 138 278
490 148 826
466 826 266
658 717 914
238 546 945
850 138 752
891 596 828
717 978 632
243 288 290
958 753 178
905 677 772
955 42 425
406 1 66
71 616 145
374 516 68
49 957 645
562 76 31
475 338 2
608 222 545
585 441 642
552 827 136
653 973 431
741 108 566
775 522 489
658 679 412
166 380 82
307 983 208
689 634 294
310 29 693
157 247 923
156 806 504
615 693 113
37 438 187
57 709 71
316 868 135
675 209 936
346 48 291
652 122 163
60 778 760
61 338 87
817 171 141
858 894 361
181 66 881
263 556 110
130 286 820
486 347 298
758 809 154
40 49 6
28 888 327
253 798 640
549 851 420
925 470 809
656 785 544
816 538 606
264 718 75
964 190 4
752 903 407
670 566 902
459 164 992
649 812 941
58 79 295
686 559 778
593 444 722
760 736 189
965 856 670
890 433 478
878 914 355
898 32 374
324 445 581
940 158 573
759 932 745
213 705 445
878 95 104
672 532 842
731 668 281
681 504 868
938 679 198
198 102 771
515 144 821
346 320 582
858 88 236
585 783 704
633 982 665
692 104 559
256 946 281
766 979 974
526 709 10
795 805 627
206 673 461
111 720 654
820 642 341
850 953 833
547 68 810
698 927 223
134 734 537
43 619 825
905 538 193
731 513 760
888 311 439
491 720 455
425 726 194
829 917 356
759 960 390
870 704 707
47 427 892
710 655 482
637 232 546
88 198 55
912 304 524
252 664 570
339 490 64
129 632 563
321 551 435
282 276 165
692 468 86
181 479 272
464 442 908
351 20 745
841 88 394
796 196 63
656 550 46
970 212 949
88 424 997
224 682 651
663 445 104
266 624 469
878 54 274
485 146 411
457 341 215
812 943 126
745 876 575
902 411 47
83 193 601
72 622 992
382 850 811
547 908 887
933 774 905
574 557 110
469 387 783
876 155 765
557 400 103
438 820 449
503 556 697
281 332 93
132 644 539
201 973 246
907 565 556
229 196 734
213 585 69
730 725 621
152 360 306
18 563 318
325 734 186
938 274 845
42 430 790
311 876 835
389 342 294
399 254 881
871 684 618
590 334 771
194 888 579
260 431 346
77 929 947
118 206 243
246 250 488
18 98 805
645 890 228
129 618 4
338 195 137
216 951 484
106 188 768
857 86 340
402 570 948
611 344 70
106 357 568
883 778 204
735 603 668
512 336 216
410 114 81
254 602 638
828 598 430
26 794 46
23 186 510
533 309 188
415 674 388
312 228 266
357 134 784
728 239 503
37 912 182
958 354 771
382 840 328
259 950 537
883 216 111
342 586 181
430 473 770
767 914 969
188 372 849
40 184 460
40 619 879
138 713 691
18 807 444
168 578 266
655 823 936
17 467 639
706 526 500
88 264 702
166 784 345
427 29 22
121 375 173
335 872 968
157 811 835
372 463 356
503 675 670
252 12 711
657 278 163
361 464 639
474 78 293
330 345 201
357 719 137
29 817 8
77 658 96
278 179 242
74 383 535
456 856 764
413 116 959
642 489 923
854 333 875
517 731 236
17 482 142
793 954 277
795 370 350
959 83 215
104 611 690
482 503 623
414 255 48
942 548 12
874 454 869
31 520 252
87 392 496
647 640 776
929 386 320
585 328 549
410 172 68
616 625 402
157 946 773
742 650 663
448 745 815
101 581 165
635 420 604
305 398 408
107 951 983
376 779 85
18 651 761
389 298 489
131 98 736
708 240 628
137 408 325
171 934 254
649 253 818
626 645 753
725 593 108
665 711 468
369 610 340
454 185 394
73 31 544
831 83 787
948 879 273
13 225 591
52 423 684
73 312 918
280 155 998
688 336 222
206 680 465
149 386 427
290 720 160
23 818 985
22 118 512
31 408 809
203 914 953
985 678 293
549 918 70
39 356 901
694 974 993
579 503 987
32 942 799
163 635 897
830 818 978
231 428 980
79 47 754
151 924 450
662 859 309
906 339 24
480 491 355
450 314 715
734 421 707
693 940 582
147 46 689
363 72 52
796 44 547
374 565 173
887 739 362
889 488 95
579 351 507
310 90 811
893 611 473
772 218 675
716 511 190
340 26 325
444 899 765
967 248 226
732 109 861
390 931 575
448 267 567
650 970 760
222 819 826
467 16 70
421 477 45
448 220 902
974 729 602
793 45 273
130 970 226
632 350 690
28 956 104
323 871 918
577 435 813
572 754 43
50 733 587
603 23 465
940 935 135
171 267 56
451 820 765
583 34 18
749 922 30
32 30 580
565 652 551
168 440 412
919 404 177
906 425 798
312 58 398
120 284 648
607 121 292
106 731 629
41 435 566
66 213 434
934 839 753
584 201 828
200 285 215
583 31 566
249 94 96
431 509 651
594 377 127
176 296 526
590 962 455
100 626 253
32 809 6
252 565 293
738 214 867
723 259 298
673 328 187
399 140 694
140 832 750
18 398 423
897 819 954
219 441 532
742 382 977
803 836 899
310 962 443
949 324 904
313 965 99
609 91 795
303 188 666
499 502 134
278 490 631
356 485 198
488 565 865
494 276 252
674 797 530
166 439 2
309 923 72
444 703 84
462 314 720
489 401 404
788 204 534
923 251 195
870 580 733
844 765 777
973 512 504
921 809 998
748 23 877
825 181 503
407 376 420
394 293 693
192 266 173
935 364 225
42 494 959
917 685 767
753 927 945
605 716 277
215 677 610
52 240 47
609 955 516
394 849 777
594 784 549
613 444 433
246 949 218
400 223 454
732 585 142
706 175 280
31 704 287
344 555 680
79 808 597
473 292 499
618 471 296
464 785 286
69 645 757
522 768 807
766 640 184
919 95 198
30 753 364
84 699 487
420 878 225
971 925 972
425 721 231
540 494 508
453 884 278
464 356 822
92 581 982
958 12 213
974 676 222
295 521 869
880 46 608
261 630 928
724 477 100
495 302 707
561 36 788
428 884 390
623 719 102
428 926 775
899 183 337
194 773 445
817 843 529
420 87 842
257 454 602
756 100 370
51 219 912
860 691 435
937 268 839
68 588 514
86 545 80
483 688 520
176 150 306
606 439 722
588 37 693
318 950 120
439 343 434
855 399 82
713 766 775
828 339 398
313 499 904
167 203 459
689 859 106
271 834 764
58 240 632
517 727 164
61 638 350
806 926 816
429 325 211
252 802 716
145 639 476
614 22 731
380 573 887
777 172 288
478 344 673
42 243 246
714 828 544
180 940 776
604 433 665
807 448 218
579 51 735
532 744 190
629 64 380
619 622 71
830 383 804
871 554 830
907 389 415
48 859 391
901 159 654
118 295 140
961 830 163
660 153 57
133 548 11
76 370 656
343 556 900
544 667 555
549 934 124
24 191 164
576 271 120
124 390 831
12 957 932
739 690 876
111 143 428
169 438 183
898 516 232
925 766 351
218 797 124
102 712 424
390 748 473
444 72 366
542 94 899
921 515 539
713 944 633
150 842 790
99 252 688
342 887 170
771 133 846
544 726 246
907 574 682
214 972 294
938 106 577
318 653 513
543 441 879
667 556 945
985 868 465
61 357 416
412 942 558
614 681 308
940 450 745
215 513 114
26 655 779
385 618 843
254 286 706
536 154 436
198 662 912
530 390 453
627 617 699
39 737 840
70 928 356
96 846 796
103 25 666
616 188 731
688 73 183
258 324 599
870 658 860
952 238 577
765 218 138
442 26 979
880 577 539
859 938 15
679 153 436
388 176 73
22 668 724
799 380 16
833 526 926
960 513 918
418 785 106
723 575 945
42 395 671
463 159 195
709 179 92
967 776 258
528 538 364
541 876 400
552 726 178
604 264 530
302 579 431
743 176 753
397 210 199
307 21 793
206 543 553
690 481 253
903 405 253
645 773 131
307 498 58
585 583 382
907 446 778
214 918 64
966 880 539
18 405 517
326 699 142
578 90 303
243 900 939
494 391 633
477 202 198
768 848 835
236 22 723
632 780 162
846 324 982
150 958 316
806 293 227
823 482 592
408 618 315
151 40 324
63 980 843
924 823 294
280 619 683
278 323 267
248 201 78
977 843 827
161 360 486
523 973 355
314 351 699
319 751 209
224 310 48
640 410 102
127 809 702
622 682 539
963 34 24
46 539 673
467 923 265
927 92 591
965 563 957
101 655 290
841 896 812
664 893 906
73 569 68
883 737 456
600 457 743
587 605 371
92 423 692
79 527 426
386 692 911
229 106 501
425 155 839
509 237 815
745 106 171
304 547 750
444 71 819
450 649 321
123 595 684
336 957 702
362 33 231
699 760 40
341 947 232
654 106 496
37 419 278
445 395 415
6 931 576
630 690 696
501 124 110
2 355 476
19 653 364
948 617 754
23 600 481
285 237 40
258 265 309
297 792 658
808 681 843
736 534 681
913 966 830
285 219 665
850 731 995
461 652 583
260 330 423
172 256 874
146 121 131
444 817 974
617 855 522
364 134 791
788 243 858
150 104 533
263 477 796
265 31 726
637 945 63
183 193 466
169 973 329
351 571 869
828 366 202
918 670 453
911 192 684
514 876 837
444 265 196
449 586 206
770 525 702
719 33 464
305 949 15
833 77 912
933 494 258
310 760 89
113 503 147
530 39 284
46 801 203
950 324 321
619 254 393
797 224 947
414 115 217
213 383 7
91 205 54
842 326 908
779 54 806
861 606 518
833 365 613
943 780 511
240 383 181
145 39 259
96 772 196
97 800 186
980 784 935
721 102 720
729 506 809
199 265 104
285 160 899
221 23 147
208 81 157
695 620 544
293 133 166
803 146 967
41 107 413
954 426 255
720 477 646
931 87 181
586 485 997
506 855 705
636 785 82
967 758 386
740 324 409
841 141 693
441 42 141
503 283 941
700 904 982
769 837 564
38 593 58
296 242 326
596 653 86
188 952 390
163 790 564
667 826 220
60 629 381
493 918 573
32 293 756
532 526 934
331 945 249
298 735 477
65 250 252
280 719 159
97 426 817
975 515 936
470 577 856
610 366 840
479 288 86
691 872 113
717 277 590
369 47 599
169 227 547
469 663 558
233 394 73
891 582 438
391 375 348
557 890 804
530 697 30
386 216 723
950 69 588
123 322 169
513 780 252
331 477 811
150 667 239
168 256 797
834 11 557
628 523 558
884 141 436
284 40 681
443 537 965
936 11 669
525 328 119
226 575 677
182 719 85
103 970 638
424 158 146
448 894 440
919 426 660
335 485 973
112 695 354
739 847 357
527 485 892
226 318 277
693 348 505
464 144 341
593 127 795
25 687 580
400 216 921
621 580 807
671 698 901
849 250 249
799 608 947
510 48 752
814 914 199
656 830 208
821 786 221
340 795 155
554 472 587
894 126 155
600 332 446
126 12 130
431 420 87
160 358 483
649 236 283
658 770 931
798 409 645
827 426 544
915 968 945
499 887 760
269 650 436
813 14 908
642 691 533
243 423 655
125 252 42
255 120 785
909 809 652
280 95 228
713 392 75
911 429 465
155 631 678
248 49 85
329 631 55
841 900 325
303 332 871
967 136 786
196 766 994
499 349 354
755 586 986
33 714 703
481 167 783
108 908 24
327 923 256
152 373 219
978 55 117
285 457 706
55 550 63
433 710 880
40 943 253
954 972 440
613 885 10
103 868 661
27 757 800
699 168 42
407 792 149
400 492 64
132 5 342
364 680 174
903 503 381
912 614 438
645 596 608
620 539 351
214 132 296
289 355 323
61 132 816
950 672 344
66 658 51
90 834 967
556 197 182
740 724 684
947 858 693
704 563 365
229 530 880
447 802 986
823 339 725
48 751 219
755 980 683
226 457 995
198 427 209
29 480 285
451 19 405
323 564 649
5 826 18
565 394 157
341 518 1000
588 502 818
242 272 891
198 519 312
300 220 525
101 383 302
828 927 325
126 802 38
985 493 967
396 594 546
124 542 595
562 434 850
663 257 455
859 639 943
496 744 162
156 824 919
615 544 437
969 836 395
936 575 69
942 372 395
771 920 268
754 695 932
325 230 760
499 414 417
705 785 660
942 352 936
407 132 372
273 194 459
508 938 710
889 531 809
86 795 420
639 409 818
402 814 18
584 952 320
497 804 587
971 424 403
615 324 776
247 828 1
77 392 690
269 725 809
12 485 871
167 681 448
401 792 360
415 893 542
641 535 208
889 792 89
481 488 915
222 936 465
394 452 451
324 869 34
393 23 643
813 76 769
190 450 183
793 624 20
429 252 738
856 499 706
910 662 84
637 896 688
264 198 921
323 492 383
317 953 795
583 809 524
936 28 706
454 954 433
216 688 330
352 931 182
54 139 985
30 112 682
884 303 456
132 298 26
387 473 217
537 862 788
265 710 139
326 94 149
11 436 161
75 892 125
344 927 773
663 875 375
918 865 465
614 820 433
504 62 430
604 648 197
323 780 804
33 88 431
479 713 752
786 66 441
753 142 516
971 316 323
800 174 159
941 769 98
92 229 959
218 24 192
817 147 435
930 667 301
362 314 204
446 19 606
471 391 938
591 494 500
917 285 898
60 703 603
858 705 150
384 23 59
485 958 340
371 422 478
319 824 920
490 792 157
560 865 111
905 594 410
899 980 27
107 636 114
934 833 722
323 931 315
386 958 242
325 85 172
443 337 590
360 874 110
199 636 790
65 660 614
418 407 995
698 66 209
15 19 252
183 577 837
518 499 628
464 817 718
267 173 85
573 632 925
149 610 244
412 966 211
120 889 455
627 568 112
474 82 72
796 335 853
436 661 136
256 442 826
127 502 41
3 71 364
619 962 4
138 431 166
805 743 848
43 859 535
65 184 315
320 255 408
452 32 415
518 724 295
748 520 306
718 890 543
468 343 368
396 416 322
188 705 28
485 350 985
185 563 4
385 838 474
578 275 849
389 280 855
673 606 202
399 368 449
45 145 960
554 436 372
937 956 764
784 891 619
818 652 998
615 936 954
770 73 789
960 729 886
971 968 351
907 671 984
790 618 660
652 459 116
402 537 959
132 431 374
129 913 698
56 297 818
63 273 818
513 439 260
120 439 91
642 533 862
55 270 240
677 58 37
943 914 975
170 744 171
208 176 543
616 375 800
682 259 831
54 755 602
661 880 591
477 411 803
737 20 139
436 535 603
262 191 420
402 506 429
968 840 267
71 300 419
359 478 99
279 103 372
572 873 986
941 368 749
655 653 214
597 333 132
738 180 272
236 648 637
729 277 585
114 154 332
588 721 273
896 426 355
107 821 453
162 912 581
928 713 526
642 385 235
171 265 774
248 246 467
9 114 514
480 6 531
888 281 430
406 483 389
336 781 299
902 42 499
320 278 203
211 475 257
62 116 746
823 669 617
19 960 221
883 322 686
457 725 230
326 484 455
92 967 899
443 411 849
684 33 794
235 670 388
90 785 108
490 899 931
899 157 474
338 487 350
203 644 391
450 436 939
914 500 821
587 355 786
920 345 351
381 166 939
602 765 388
102 847 89
273 921 570
75 498 598
264 869 469
512 439 995
48 860 87
961 169 988
11 706 312
417 746 709
127 47 634
227 538 323
450 665 472
374 756 600
830 449 718
484 733 642
932 582 816
605 105 694
612 734 823
602 153 43
211 391 105
900 519 844
969 791 344
730 798 65
696 533 473
472 184 670
775 682 472
299 275 308
505 81 161
339 19 438
304 419 708
753 958 711
732 331 238
347 572 482
244 872 738
867 338 573
329 646 199
907 93 396
727 439 169
309 852 66
338 618 368
310 33 593
247 440 66
246 286 262
493 492 736
629 486 105
173 370 852
805 933 300
890 830 846
99 546 738
705 588 146
163 131 532
919 772 456
657 12 549
383 346 15
703 728 291
559 937 429
619 156 441
640 315 409
733 757 699
24 68 932
240 695 162
934 628 795
167 393 136
303 781 341
352 156 697
217 384 684
31 921 746
846 637 913
385 369 283
600 20 301
699 797 144
291 617 13
229 939 842
702 558 94
454 639 726
487 950 40
968 10 663
351 2 362
755 707 786
465 776 797
718 443 936
375 47 245
829 824 390
983 245 177
773 150 318
39 365 131
20 140 150
111 739 11
87 789 772
385 736 453
791 319 279
985 822 852
837 134 388
685 115 379
850 758 665
658 459 641
8 795 870
903 932 374
813 553 957
199 702 820
939 177 67
509 11 845
617 714 477
804 334 869
442 893 304
306 168 148
556 120 232
51 928 650
96 464 243
848 25 44
207 312 742
330 2 480
709 14 750
54 159 577
932 81 154
389 284 932
978 526 87
458 635 140
512 334 604
619 940 196
299 878 209
867 214 568
302 654 583
112 789 982
726 741 337
272 364 197
520 537 717
819 290 962
423 18 761
829 789 896
289 349 52
106 663 408
2 247 396
513 630 620
293 542 428
560 533 975
564 757 673
85 622 890
404 503 567
917 48 860
233 847 451
646 824 430
961 330 633
530 910 159
440 172 117
878 713 678
966 531 843
556 798 859
31 662 15
804 208 696
149 53 920
224 523 962
358 406 311
488 409 59
328 759 39
110 291 719
12 976 333
563 790 630
137 457 498
771 268 574
768 27 625
843 177 119
196 172 961
787 13 943
386 677 234
878 757 609
254 441 751
417 337 714
279 983 289
355 814 504
738 116 836
238 922 213
744 139 89
349 407 653
450 932 696
304 349 332
406 567 505
254 23 918
626 717 631
865 780 199
612 947 713
202 701 26
15 773 161
679 361 592
613 686 401
761 476 471
942 250 273
137 841 352
796 471 205
88 948 262
128 36 538
844 970 637
71 434 312
295 796 674
561 832 703
878 662 824
327 376 701
255 718 708
901 162 321
176 742 350
77 839 717
631 128 563
943 17 794
96 256 712
714 798 987
593 623 665
667 59 343
317 749 408
788 974 441
206 349 648
45 595 323
340 285 785
185 11 984
329 677 560
621 635 112
637 347 92
68 608 729
686 781 261
361 391 785
917 391 102
875 741 843
837 860 244
523 666 952
673 192 930
106 154 6
38 218 906
150 75 288
153 87 413
622 170 436
66 259 845
294 697 698
652 828 732
513 953 659
729 67 906
902 563 439
381 775 756
825 666 729
850 252 281
773 765 189
797 512 496
155 263 792
962 881 239
98 373 658
91 564 145
147 581 25
776 101 788
378 51 405
876 771 614
810 203 492
110 196 866
425 824 884
192 36 305
791 339 153
314 40 570
569 77 707
502 466 778
355 22 318
936 30 134
115 779 843
364 761 61
676 331 814
456 815 794
136 532 367
874 442 643
900 306 638
160 859 991
640 62 540
486 94 500
859 99 807
830 41 6
861 490 860
1 954 406
30 918 318
343 842 498
28 623 110
305 822 118
837 297 130
852 633 650
921 333 357
391 276 716
596 781 257
1 753 791
615 540 28
648 23 597
531 694 928
296 623 67
631 730 482
952 759 189
139 691 220
868 390 384
461 385 866
248 927 485
150 81 186
565 792 489
189 353 113
787 932 151
82 428 809
152 510 882
440 734 713
412 726 58
678 230 834
806 476 290
405 594 618
662 472 270
299 597 835
315 425 514
532 167 57
277 747 366
479 216 970
823 688 520
724 591 551
446 885 662
471 756 422
421 888 696
426 517 118
910 117 868
768 761 176
362 713 445
400 796 69
205 852 254
234 371 358
470 829 561
923 834 546
297 526 919
194 333 971
641 271 899
493 655 406
967 432 756
256 556 688
804 739 107
817 503 768
980 369 653
187 427 753
372 703 509
748 974 974
228 5 646
581 648 937
577 579 749
978 154 475
870 88 871
108 154 312
650 40 246
699 221 234
703 383 444
568 127 18
3 749 993
134 828 129
896 376 536
36 316 361
639 865 67
672 911 795
798 169 590
8 250 578
152 4 157
775 78 487
939 435 705
218 535 985
251 696 807
314 628 735
916 201 265
306 509 94
318 301 248
845 615 151
505 946 388
845 680 367
90 340 150
564 94 186
732 394 660
188 765 468
349 589 502
556 589 30
908 330 937
669 973 441
387 878 331
815 677 517
99 231 291
242 497 31
894 840 372
962 468 811
943 498 214
358 581 177
274 361 444
61 464 239
184 1 518
139 8 685
240 485 407
648 164 3
107 503 314
736 877 328
270 391 711
759 823 547
257 310 909
34 872 141
470 446 392
936 357 100
71 512 587
918 718 671
459 570 574
914 307 821
138 810 337
568 579 954
288 809 335
130 319 822
617 566 794
814 316 414
305 679 4
883 483 108
733 470 60
637 515 825
311 735 625
692 925 943
534 340 270
258 526 112
485 729 363
985 242 882
522 613 350
464 759 632
736 797 477
100 430 878
167 814 284
508 639 855
72 806 813
580 434 438
678 120 988
248 835 649
529 114 586
939 2 29
187 851 373
955 224 402
952 210 537
551 440 927
377 76 395
680 15 707
721 592 798
114 7 250
697 807 83
195 333 741
219 148 422
583 895 618
202 403 662
110 27 216
430 128 527
578 706 471
492 787 612
754 194 861
16 401 949
612 361 360
386 2 192
482 504 677
620 224 220
63 691 39
597 170 687
310 527 378
177 882 26
952 636 635
239 17 573
190 50 652
114 738 241
118 866 191
31 616 481
560 265 356
141 33 332
932 138 209
466 709 229
505 593 916
543 31 981
504 600 399
580 104 293
432 8 931
114 490 994
865 811 425
139 281 914
513 694 53
658 37 525
176 144 13
600 339 593
119 74 992
208 839 405
551 859 966
656 873 549
200 433 716
478 862 808
429 246 402
953 724 94
143 349 204
332 525 770
944 961 849
346 944 245
514 190 144
112 864 441
473 572 788
250 259 610
568 507 174
194 509 272
312 390 783
496 112 132
336 406 764
698 519 424
411 763 764
55 283 913
181 968 989
434 415 993
759 619 445
796 148 426
856 49 868
904 907 497
177 717 471
282 592 907
40 599 88
320 216 812
92 116 934
217 2 86
591 814 913
405 611 707
594 289 681
493 346 522
939 857 794
662 607 835
844 17 728
706 598 265
508 530 689
708 232 954
691 241 560
185 442 375
190 928 604
851 650 462
361 606 983
652 266 348
699 830 243
701 709 905
78 553 40
602 267 857
254 955 580
319 137 42
177 377 464
489 376 743
686 47 439
39 473 532
601 16 924
715 719 592
840 353 748
60 354 670
213 776 385
644 848 194
311 823 863
374 984 69
25 342 409
723 145 30
250 287 199
498 894 443
910 723 464
388 791 231
158 897 897
848 688 703
529 526 256
808 63 613
358 365 916
693 638 833
783 813 409
224 524 278
975 236 676
299 53 200
431 418 252
796 767 57
798 226 537
661 862 380
531 810 632
762 583 248
891 353 936
955 811 972
94 319 210
53 420 769
114 415 314
815 235 640
227 65 262
940 869 503
360 138 151
943 706 122
839 28 559
936 310 803
204 309 725
859 784 794
890 498 714
788 751 189
78 967 978
401 340 458
672 630 463
968 526 147
97 176 223
879 463 693
328 500 251
217 425 701
709 954 146
110 947 785
935 916 535
900 46 993
658 172 643
272 149 716
442 225 986
475 354 57
354 82 145
839 921 802
436 168 557
854 643 316
65 555 290
205 349 726
756 82 43
882 955 209
317 523 15
365 177 151
432 800 454
4 633 279
535 505 932
416 195 228
416 847 291
352 194 297
216 10 153
833 126 793
935 168 502
68 792 242
442 710 440
188 78 217
674 315 719
48 824 150
895 452 112
152 648 400
190 61 594
540 508 329
431 521 932
742 485 632
163 850 667
970 431 1000
754 140 374
389 349 700
665 746 320
678 974 542
833 965 873
913 369 827
726 756 343
45 963 667
639 695 292
285 192 257
349 86 442
525 341 528
183 22 605
212 352 719
792 708 761
136 444 340
318 440 416
402 49 729
399 821 417
404 295 927
421 105 758
217 60 857
799 540 139
535 765 263
842 170 877
695 955 572
341 556 861
713 686 793
77 480 808
667 749 55
748 443 511
100 540 640
818 293 704
34 43 917
484 270 337
470 580 708
960 362 861
302 639 207
155 14 745
232 642 115
452 697 597
148 791 514
725 76 116
958 820 816
140 331 804
726 104 960
652 693 976
663 162 513
605 242 186
76 520 999
769 916 808
201 473 813
395 213 907
893 671 486
210 447 682
913 731 889
533 578 112
415 859 989
891 768 984
122 879 178
573 652 957
366 765 293
777 848 336
938 260 728
269 130 555
317 660 265
616 971 247
178 670 541
826 588 942
406 123 764
864 169 666
18 631 938
815 129 24
318 310 426
355 354 257
814 851 136
861 165 441
36 919 823
376 702 766
829 858 986
712 800 775
853 364 533
953 157 372
86 142 553
13 395 114
879 863 897
145 170 511
958 327 406
405 170 907
271 373 590
160 681 940
494 765 991
524 540 622
15 562 265
835 440 232
563 399 323
676 142 837
623 752 21
314 668 737
741 359 956
621 419 701
198 65 71
626 833 263
157 469 103
703 983 724
159 875 926
776 591 708
316 264 171
696 91 776
418 261 125
103 504 970
109 386 281
685 411 585
712 164 245
936 203 238
899 385 452
437 399 389
182 917 526
813 724 425
710 286 860
467 97 839
971 719 583
408 796 721
97 102 76
324 626 235
700 642 772
875 721 422
201 524 455
306 371 252
853 650 139
539 455 563
841 324 762
933 156 745
956 418 571
769 169 860
208 546 398
518 135 960
333 334 716
426 771 204
969 412 673
934 97 423
75 254 343
237 165 512
31 374 449
124 399 454
86 392 90
89 77 109
736 879 361
534 346 739
456 344 238
680 818 320
102 709 931
430 264 285
99 625 797
553 400 536
962 295 856
841 541 531
722 541 669
976 771 883
939 6 255
585 709 986
406 528 809
626 277 31
496 872 381
586 794 485
475 954 788
118 729 431
499 603 251
636 952 422
214 210 493
604 603 830
717 961 175
520 816 556
609 208 53
812 472 677
650 383 932
682 341 545
285 873 735
868 227 263
493 546 711
342 204 453
533 340 901
24 113 414
631 874 186
362 267 996
75 129 330
221 85 320
767 127 270
714 81 819
976 504 243
369 291 415
69 851 956
394 388 341
141 826 127
790 328 335
639 979 57
143 949 828
258 246 547
225 483 780
515 854 236
668 233 739
591 401 415
11 820 175
533 226 85
805 467 52
727 190 380
643 644 72
944 5 934
496 279 484
823 708 752
978 516 699
458 518 552
84 636 116
476 84 416
522 190 205
913 401 840
879 435 570
909 942 228
870 485 629
749 703 294
829 174 903
392 535 380
574 104 296
467 256 155
255 335 815
198 449 730
553 650 495
316 404 587
312 424 237
87 746 347
379 640 803
345 68 310
583 777 38
815 506 36
374 712 656
277 885 757
161 429 555
574 800 91
381 575 846
214 727 947
683 504 615
501 930 986
737 332 650
557 251 864
528 459 237
753 428 672
464 395 255
814 868 183
591 939 66
182 374 848
887 857 583
446 444 174
190 451 1
317 810 300
263 190 751
622 39 960
536 732 126
685 128 500
463 664 701
891 690 279
350 753 292
769 78 633
746 784 273
860 957 311
49 233 224
247 968 639
735 430 332
536 89 323
35 164 148
156 270 828
347 518 766
19 132 305
977 84 831
813 296 443
756 744 432
802 592 756
510 167 451
845 805 695
435 524 831
513 56 88
926 527 445
657 45 589
57 99 687
332 654 570
818 57 420
975 914 209
659 831 899
102 910 742
655 965 508
981 103 837
865 837 882
632 169 720
305 117 776
479 912 344
558 227 266
562 951 423
637 325 916
677 614 516
721 607 531
237 677 190
730 771 27
978 50 988
545 494 658
579 336 7
71 872 257
429 338 214
182 867 69
672 723 353
49 2 155
799 34 165
653 947 161
874 59 963
658 164 909
665 183 78
596 439 528
803 844 204
858 485 53
707 92 402
341 300 390
207 91 446
4 426 940
857 681 929
255 43 438
585 545 249
507 279 559
871 424 807
843 950 484
167 409 467
558 688 438
68 252 754
353 863 624
228 53 977
308 231 761
223 325 130
159 58 750
575 298 123
453 472 519
72 861 486
606 919 581
740 844 303
495 832 386
925 709 336
930 42 723
280 470 530
455 22 927
943 274 41
642 221 836
531 182 82
714 766 533
906 890 572
76 977 973
657 618 644
564 76 247
884 333 812
95 915 638
703 139 911
63 294 731
129 309 157
431 891 48
841 820 210
857 684 677
565 167 920
680 415 475
205 922 424
1 749 326
741 658 85
428 482 976
750 283 195
591 962 116
669 479 813
728 648 816
229 102 739
563 784 109
203 874 230
323 545 226
925 149 633
529 50 726
801 84 651
135 614 928
310 755 995
635 609 39
826 68 97
750 870 516
962 161 660
782 471 258
982 648 250
218 368 764
273 656 26
355 825 908
984 409 777
10 674 5
887 37 846
151 654 140
255 393 327
924 73 791
112 211 786
237 230 219
913 810 969
181 257 85
85 552 489
495 628 133
451 915 173
571 332 181
170 44 99
616 591 374
877 42 441
92 258 708
157 249 386
733 865 305
84 763 319
374 48 298
74 221 940
814 438 78
364 408 512
26 732 424
208 716 488
301 460 310
962 892 580
77 740 968
236 529 396
535 553 559
319 9 26
141 267 464
890 950 9
617 545 972
209 776 592
325 50 468
562 728 966
548 778 117
798 432 378
546 218 673
758 736 396
154 587 429
844 649 187
48 309 113
963 745 477
574 513 844
217 419 449
479 734 361
403 643 347
7 35 12
547 3 302
438 683 982
546 982 179
211 500 655
902 899 849
814 589 385
663 176 790
627 644 645
369 151 356
205 23 417
60 822 36
854 696 577
878 229 403
259 37 415
807 154 471
259 374 14
472 423 546
517 813 875
371 818 449
713 745 403
43 410 739
247 754 835
606 468 271
420 78 350
573 624 609
619 517 406
728 371 276
833 214 520
209 877 172
225 538 708
644 765 420
14 174 262
29 294 659
179 414 684
119 396 361
699 952 368
920 146 628
624 175 508
549 773 641
570 521 745
339 830 32
751 13 626
802 915 336
750 812 695
477 591 937
498 164 769
949 562 390
815 784 538
526 629 83
281 165 537
447 494 435
458 442 461
655 51 1
81 298 521
556 83 336
879 881 550
703 886 413
582 151 318
493 1 947
703 599 434
25 664 827
23 451 752
420 888 512
511 26 696
831 905 834
188 572 949
924 154 138
709 225 952
35 632 666
359 531 589
567 286 188
454 697 945
382 660 42
96 274 830
35 969 483
726 26 963
633 196 780
490 892 120
322 335 397
481 444 749
482 186 256
729 397 629
638 983 107
675 929 745
495 719 235
590 226 403
123 10 257
853 239 957
109 715 58
973 962 153
553 367 583
854 865 384
261 649 773
924 777 98
453 331 633
351 197 8
519 320 671
281 782 857
559 442 275
953 865 101
882 734 415
879 164 319
205 467 937
474 427 567
713 930 778
770 644 598
86 639 610
295 780 148
797 866 805
450 416 717
72 442 519
480 976 946
808 511 833
411 755 565
975 672 49
71 859 169
127 672 252
100 95 17
446 216 107
397 188 418
582 599 915
440 114 205
555 417 385
542 488 257
540 83 803
812 623 582
112 666 803
380 800 690
982 739 792
194 540 502
273 152 942
705 639 240
936 705 266
777 292 873
751 874 490
907 652 495
956 499 396
904 214 32
829 461 377
203 593 552
394 592 344
222 473 685
920 515 476
786 765 33
689 830 748
352 727 453
715 452 989
360 177 348
921 459 148
446 18 871
247 560 891
35 103 296
24 546 738
835 743 271
671 296 628
799 601 838
782 649 195
919 4 232
313 75 297
464 272 827
368 190 556
245 444 304
891 598 849
371 166 59
140 380 806
313 609 255
246 494 726
109 159 622
736 718 922
131 72 462
530 130 603
336 476 671
858 388 551
680 793 325
132 741 631
745 588 736
604 432 558
647 231 899
165 470 735
758 176 628
410 924 368
633 655 907
564 63 397
366 792 970
119 274 202
328 600 958
352 706 120
405 539 234
60 866 297
552 905 925
366 643 512
162 733 193
165 319 525
247 969 44
658 865 568
877 463 836
666 214 589
49 629 14
427 811 139
55 630 890
190 327 303
584 181 388
170 867 296
45 660 162
303 40 757
268 626 632
158 930 551
967 175 334
957 55 69
984 972 869
114 177 769
170 929 358
854 388 175
659 313 430
955 599 789
833 402 814
907 808 628
575 739 174
157 129 237
23 236 696
963 878 181
204 451 391
374 348 389
419 781 152
271 544 908
320 484 724
103 117 945
466 489 955
402 521 612
173 478 224
383 272 347
721 469 923
394 493 41
923 765 750
913 844 884
917 490 604
12 590 815
648 227 963
754 50 368
588 502 12
194 870 539
278 494 489
170 146 288
192 560 387
613 256 750
335 162 321
576 66 149
246 756 167
784 221 951
361 310 524
541 85 367
425 629 741
69 711 544
155 80 982
356 788 570
572 380 220
211 120 761
66 97 886
564 4 656
950 22 454
640 348 280
620 16 684
92 765 787
751 795 327
912 974 885
195 941 692
262 615 256
929 816 16
973 819 298
532 785 332
512 76 192
944 98 543
671 508 401
380 751 562
782 391 163
719 627 473
298 357 575
58 896 748
247 178 734
871 587 422
584 941 98
804 490 721
606 358 73
307 102 336
527 964 429
895 640 417
333 672 158
603 229 420
810 443 753
355 970 238
132 734 660
687 344 524
233 294 673
728 445 191
579 859 245
490 902 350
217 520 227
481 369 89
370 486 96
287 149 657
381 802 969
543 115 578
873 577 207
966 640 524
122 792 625
90 940 472
160 168 956
867 476 1
60 658 874
146 368 803
581 638 653
168 449 118
436 226 61
285 652 612
378 927 869
582 316 344
46 686 126
697 773 902
953 37 397
447 155 466
62 937 204
286 464 101
192 590 350
414 957 270
662 357 281
163 223 323
789 549 157
418 831 291
710 253 617
6 856 977
791 410 678
41 890 239
736 644 126
368 278 801
9 541 999
122 744 828
442 727 824
449 635 596
42 419 367
584 788 842
670 543 785
607 83 384
116 367 182
737 218 49
730 214 649
599 670 331
90 554 620
379 579 988
109 215 305
835 575 638
45 821 461
110 835 860
801 205 438
669 7 561
151 118 796
38 209 727
78 884 197
419 693 733
411 57 839
798 846 708
550 912 743
49 454 601
755 254 877
785 16 75
352 51 226
99 285 420
670 539 184
294 905 550
413 692 488
843 570 760
732 636 274
585 637 552
495 44 738
154 601 326
416 651 996
140 282 167
865 646 693
316 802 960
224 39 783
540 837 264
303 663 748
795 161 126
758 825 551
971 465 132
700 923 841
507 514 920
42 876 880
479 518 691
479 824 490
626 438 979
209 316 940
208 43 290
455 422 509
914 150 964
361 398 810
356 597 461
624 122 826
232 345 705
709 479 336
64 126 699
172 568 991
582 225 141
602 931 975
204 696 581
683 983 560
176 15 802
535 472 845
766 385 258
307 755 196
777 308 851
375 166 514
138 751 718
884 245 957
90 496 828
666 828 668
43 357 679
978 36 351
373 327 884
665 883 625
975 443 552
74 308 571
332 19 757
535 823 993
858 933 326
546 509 711
