863 965
279 31
532 387
369 551
555 351
347 792
448 583
218 322
730 191
618 56
234 629
427 696
465 208
313 71
624 522
81 146
52 570
680 312
718 863
54 525
64 774
16 190
297 776
690 132
109 6
83 111
375 117
410 697
115 227
780 539
260 597
105 165
809 177
607 252
517 201
100 359
177 39
282 215
193 77
644 47
524 166
249 364
550 793
742 210
476 257
479 474
742 781
270 547
193 335
583 623
667 803
557 408
751 148
313 709
208 387
70 8
384 450
716 269
436 707
735 437
575 244
241 461
151 326
89 572
285 434
373 245
572 395
249 63
643 727
348 852
266 518
754 327
263 819
731 230
29 504
412 480
855 588
372 4
594 372
80 652
609 14
297 507
666 161
119 157
111 800
180 446
355 488
51 697
26 74
216 577
575 597
724 326
845 246
227 546
217 587
854 279
200 487
521 532
279 541
57 556
515 725
179 665
657 473
115 672
276 751
860 166
582 648
395 401
193 214
459 584
384 787
370 814
512 269
32 202
444 827
631 107
145 109
382 217
170 343
151 824
671 287
606 237
576 323
858 187
419 662
562 367
804 68
127 208
146 222
743 531
600 717
412 206
97 156
184 449
325 449
242 474
408 426
253 368
210 778
813 582
822 10
572 171
135 59
324 143
292 228
806 149
442 268
210 719
751 541
405 517
71 317
209 718
411 707
747 109
597 14
205 33
371 210
446 213
567 785
183 348
714 275
288 589
294 53
843 317
679 324
505 64
791 53
117 709
803 485
758 508
625 742
93 591
198 270
119 799
60 363
516 439
137 860
636 559
105 766
293 672
185 303
210 360
241 784
100 353
773 552
94 678
467 200
706 16
603 346
630 282
217 433
80 518
270 388
294 385
21 343
750 429
196 302
758 233
649 619
533 817
20 145
553 609
465 552
274 236
489 788
784 92
160 564
110 353
397 329
568 163
620 356
845 274
724 766
429 595
440 481
352 136
312 181
322 241
11 592
621 33
693 477
425 87
734 572
255 692
7 244
549 790
642 453
276 804
142 553
826 628
655 76
726 472
770 742
366 293
404 319
546 574
801 644
522 568
204 531
756 211
631 768
440 11
493 836
862 749
266 258
544 641
122 46
3 547
83 134
835 269
348 349
518 28
120 155
129 43
268 687
124 611
88 324
81 610
138 151
435 98
337 534
581 149
604 635
852 5
237 287
153 604
366 182
420 116
61 393
421 688
171 805
312 582
772 302
348 834
631 782
563 419
671 281
501 710
565 241
142 34
267 179
642 646
188 209
38 429
61 638
37 187
377 492
294 510
45 497
654 704
844 124
488 762
172 712
302 747
557 801
4 679
144 645
138 318
614 796
337 545
320 454
735 109
665 60
719 46
163 721
853 142
301 588
695 843
602 488
38 738
727 716
753 526
785 656
834 730
500 781
449 821
10 750
489 827
716 609
632 668
860 618
540 265
456 415
807 36
587 247
320 715
392 200
835 755
715 340
319 670
432 813
410 12
647 354
283 90
209 811
395 286
713 674
385 141
456 331
304 372
560 418
444 680
221 846
596 678
355 487
493 671
734 440
195 131
617 84
588 210
406 731
343 11
716 428
657 450
350 682
465 249
66 89
129 352
121 579
723 533
227 354
262 317
243 665
743 152
798 432
429 71
789 400
303 814
196 830
766 685
279 158
553 379
431 184
575 433
198 382
95 588
539 10
358 472
356 56
666 102
307 11
208 134
9 379
522 388
461 88
485 358
187 47
558 18
409 422
703 268
793 685
826 126
373 363
583 488
514 676
798 845
50 490
206 251
594 446
204 33
271 215
804 328
320 622
726 186
533 541
852 203
758 580
683 26
546 502
397 832
466 649
582 186
438 280
584 558
70 585
126 79
774 189
209 325
603 249
536 538
313 770
620 529
475 830
634 48
297 787
576 637
162 817
536 212
7 586
367 697
284 758
689 607
184 547
657 419
368 500
530 799
633 584
249 3
217 342
579 194
263 573
58 29
204 12
557 528
111 774
723 777
360 349
851 611
414 190
262 849
199 130
841 314
67 495
59 474
752 664
510 352
507 622
370 834
387 247
839 434
505 250
1 8
96 138
315 165
61 409
840 731
792 800
523 6
361 679
569 496
820 588
252 158
537 676
834 799
727 413
701 394
855 247
404 427
311 649
66 131
380 366
603 536
544 382
604 858
757 603
686 855
737 769
598 693
595 521
101 293
390 287
178 209
808 52
481 626
610 480
454 69
391 363
420 31
441 311
613 200
596 144
398 796
745 673
266 167
290 168
546 715
308 311
612 304
558 667
100 245
32 48
140 179
454 694
579 176
6 26
657 622
71 686
702 274
477 648
554 103
40 54
69 112
510 392
831 218
651 800
362 472
123 187
401 630
80 100
789 811
766 397
529 25
339 511
589 547
412 797
233 726
816 861
161 632
381 833
391 382
818 38
341 805
318 197
411 805
414 563
107 740
13 667
54 676
786 535
101 558
326 583
126 252
711 428
84 386
537 570
446 93
801 808
398 480
700 749
378 151
506 454
696 565
528 274
167 582
195 691
345 672
809 128
131 473
628 267
13 57
342 337
567 189
210 337
543 96
748 754
16 535
651 22
595 80
514 69
57 457
629 339
213 174
360 686
336 112
195 76
699 302
468 586
549 98
621 388
229 267
725 195
817 757
642 461
135 229
419 92
278 514
187 549
686 739
494 66
331 819
225 276
356 640
663 4
809 826
470 471
529 105
36 170
131 737
235 195
65 207
357 468
202 223
833 541
603 485
687 528
351 588
773 804
93 82
591 802
747 286
825 813
472 561
148 497
347 213
107 419
807 722
462 102
645 590
80 411
841 587
106 663
303 590
258 418
115 587
513 447
51 584
89 307
574 466
438 184
769 279
563 135
533 381
545 456
771 732
754 606
513 167
67 432
436 530
231 847
195 785
403 565
8 334
353 600
279 389
272 773
755 659
483 384
205 153
482 653
298 569
721 853
426 169
205 165
258 834
33 386
215 731
519 798
834 174
204 813
255 92
250 794
404 342
790 653
51 784
530 472
280 571
618 358
775 440
146 287
405 862
519 819
726 167
346 369
764 653
475 52
295 765
37 221
144 332
77 118
739 463
842 548
319 320
35 365
561 440
245 360
730 290
863 411
481 60
338 786
847 79
735 221
160 602
666 54
264 457
134 636
690 265
236 42
364 553
416 188
203 52
601 683
75 555
790 49
597 119
553 86
449 625
29 160
299 640
271 65
641 115
385 457
116 776
138 695
172 234
480 456
580 681
399 263
791 165
402 611
508 558
771 72
512 89
454 182
433 33
156 84
485 373
446 30
374 555
527 275
204 700
302 727
465 454
673 633
15 322
648 716
69 113
234 269
755 145
352 274
577 303
130 23
317 33
718 495
178 732
652 619
476 717
248 779
476 88
612 161
269 53
795 438
100 299
374 451
632 848
840 679
25 637
597 540
334 462
25 550
350 93
511 76
551 485
661 593
551 284
63 282
424 496
569 776
653 427
296 153
432 582
861 658
561 149
689 494
664 314
663 174
812 234
856 683
134 656
760 287
737 95
822 439
693 821
797 145
96 364
461 313
501 764
48 788
191 144
29 85
71 473
571 208
221 71
466 562
248 669
824 820
625 584
683 753
344 801
731 115
355 597
180 306
272 245
314 784
667 796
253 404
345 43
217 645
413 767
538 821
468 74
673 422
25 437
198 822
845 158
372 91
346 527
523 273
390 455
409 114
697 743
521 143
621 45
489 496
196 251
392 576
799 804
413 76
157 343
569 270
398 21
603 431
486 495
794 157
493 449
459 715
45 484
507 821
683 264
234 358
70 329
574 61
786 666
827 848
410 139
557 605
494 85
100 152
568 555
724 420
24 71
476 317
459 351
193 18
388 279
639 152
448 42
627 598
684 349
467 586
217 636
427 582
591 283
194 582
119 81
17 93
444 732
21 212
106 276
368 591
12 363
719 292
82 648
167 791
400 839
438 131
233 32
678 402
855 618
518 93
674 850
851 676
57 425
523 416
638 764
356 44
721 694
390 312
400 591
387 285
390 154
785 590
694 671
542 486
260 125
409 42
554 228
548 823
211 730
692 225
664 591
675 664
715 727
643 114
228 456
808 359
361 536
664 629
334 424
738 442
93 424
241 71
85 635
698 739
60 67
98 197
369 501
520 819
793 852
783 627
450 731
486 19
214 116
428 788
846 63
825 209
24 116
24 123
517 114
106 338
530 607
228 108
489 158
8 370
500 704
688 589
539 674
708 75
102 737
301 823
758 663
109 13
556 731
627 61
270 371
282 736
255 686
489 406
230 64
160 12
761 557
38 600
136 252
485 502
434 149
507 585
437 261
