1000 5014
235 721
470 215
143 183
506 101
513 654
725 334
996 977
956 191
206 717
924 904
690 80
34 294
51 524
12 830
35 710
588 938
770 261
932 532
862 935
782 969
556 835
31 881
406 148
799 327
930 392
779 101
362 408
845 125
665 410
792 782
25 384
461 199
246 871
485 821
670 787
13 585
855 966
452 961
225 649
954 952
258 221
143 146
885 864
64 20
962 479
66 264
72 575
569 697
550 131
716 159
621 899
812 240
190 818
46 23
818 20
224 182
430 182
750 604
843 721
932 681
98 617
648 22
460 103
154 378
409 121
728 857
964 535
731 292
41 518
336 487
615 20
374 898
141 88
114 123
514 786
455 632
76 373
666 713
885 941
867 799
389 847
564 969
321 9
525 489
848 357
268 871
311 658
245 26
696 505
25 368
333 930
389 5
9 884
581 363
581 934
947 551
32 179
491 602
950 686
879 252
295 272
320 52
151 353
134 475
102 794
929 993
975 777
809 603
882 899
275 211
555 636
725 343
887 808
873 9
582 222
23 108
380 15
812 223
935 906
916 584
573 78
166 492
577 395
172 771
544 746
324 45
749 489
267 529
161 118
453 80
606 611
967 516
756 20
615 804
689 117
485 26
468 966
165 98
538 185
166 718
478 588
988 284
779 68
449 633
377 388
812 66
3 910
288 856
550 655
610 234
876 329
900 951
596 892
151 32
559 167
834 57
800 318
658 641
869 773
660 749
457 397
420 811
665 286
27 879
756 811
709 210
378 649
162 970
326 276
435 450
35 329
193 20
494 245
811 213
206 553
282 998
763 928
696 883
749 535
420 753
75 229
183 348
97 80
522 915
60 159
689 511
598 275
212 458
86 649
79 877
942 116
749 349
918 412
664 726
37 636
75 697
593 302
601 720
672 256
216 786
95 571
252 842
515 257
539 493
647 467
151 430
167 293
851 716
11 603
301 200
247 555
857 194
415 501
863 609
517 446
359 230
665 656
133 543
474 628
441 896
745 692
8 821
929 590
494 611
345 332
291 629
143 764
572 15
31 797
497 308
43 302
902 822
580 949
744 6
779 114
592 820
13 160
361 135
89 266
624 326
889 852
739 945
772 777
472 487
665 383
39 908
336 638
238 890
600 495
233 266
505 621
417 936
802 726
472 301
471 335
907 191
824 52
958 935
354 228
444 147
712 466
709 830
804 966
615 323
461 553
38 961
537 115
665 38
502 825
812 280
795 368
246 612
569 121
167 576
803 126
527 242
991 891
269 222
750 436
453 220
867 629
771 292
920 148
614 836
977 872
465 646
279 895
581 208
657 618
251 15
633 437
803 948
751 842
846 129
513 370
355 61
817 758
969 903
949 717
605 432
514 58
811 740
298 778
525 698
869 524
47 661
284 297
122 316
569 986
656 378
146 147
95 256
25 341
867 945
528 903
700 94
996 813
965 484
678 250
197 906
214 208
984 675
918 113
651 506
144 242
247 807
975 223
504 99
177 726
54 843
181 881
203 594
848 551
754 412
674 344
725 175
854 663
862 965
714 743
253 276
143 992
183 727
2 833
494 603
884 490
443 906
248 877
157 952
463 409
251 377
181 493
254 237
733 667
588 130
476 690
944 516
687 340
744 828
11 98
267 297
695 775
695 148
347 10
544 850
151 405
297 159
163 568
869 58
944 216
818 180
195 110
101 501
824 969
325 841
803 930
515 930
574 27
239 590
310 813
105 397
3 979
867 705
192 18
448 140
620 50
30 625
930 358
162 291
328 7
642 546
185 53
2 234
683 748
23 562
389 926
376 350
619 234
376 712
909 98
89 68
732 112
698 663
897 45
220 412
497 513
482 598
525 541
855 378
909 702
363 628
126 153
681 153
917 147
120 541
174 541
529 488
521 590
18 142
186 197
711 437
64 135
647 618
154 871
119 27
333 570
446 604
933 388
444 19
989 658
684 782
424 343
670 380
690 844
461 281
561 480
738 951
636 790
545 644
710 62
362 344
567 14
85 301
309 229
84 258
738 175
226 78
742 48
85 787
376 905
177 165
731 955
807 10
275 743
610 341
259 318
902 789
729 889
227 799
943 6
972 308
379 868
547 947
768 489
588 170
988 310
887 784
232 215
50 66
583 172
666 819
90 221
58 585
576 721
920 579
960 688
353 710
13 480
66 322
31 894
50 542
14 584
725 956
770 250
608 385
763 153
558 318
465 586
924 394
727 790
763 729
440 182
983 823
468 427
987 717
415 108
952 398
623 646
554 334
536 205
529 611
430 22
905 499
356 871
597 74
443 848
198 617
469 975
383 114
424 865
304 813
973 804
996 740
151 104
119 887
317 832
356 493
66 576
250 293
320 464
839 496
68 491
680 273
574 722
931 881
592 205
328 73
544 513
9 813
102 425
391 917
267 769
577 405
513 794
608 83
274 315
519 591
665 664
601 577
425 184
924 49
694 714
660 846
899 837
96 859
65 729
190 53
693 73
740 160
744 101
251 754
817 935
986 323
380 387
689 861
286 559
76 511
564 731
522 225
27 328
637 836
440 436
375 408
512 439
641 959
90 175
729 138
291 441
184 658
993 396
352 278
78 388
63 901
943 583
728 975
644 533
750 577
356 730
779 272
402 946
682 914
6 304
634 946
85 814
662 339
837 164
876 316
432 741
624 319
541 83
376 177
239 53
911 513
25 999
320 582
763 273
547 275
508 26
506 752
772 961
804 182
775 771
385 859
599 906
691 93
765 510
929 813
380 663
90 182
588 409
886 112
927 989
243 771
888 627
541 675
504 513
502 28
199 953
107 499
715 173
717 535
665 30
539 347
522 433
79 121
832 633
233 614
745 200
377 947
619 92
547 395
141 358
752 182
643 297
185 718
767 938
280 581
744 496
7 200
7 663
446 397
505 10
127 135
110 197
11 519
873 654
920 560
134 213
856 889
357 857
212 135
936 760
310 965
950 299
532 818
590 777
573 581
96 951
893 189
210 864
800 640
780 686
503 458
432 516
469 641
843 105
936 234
75 534
496 412
868 570
724 137
873 388
229 955
307 550
564 73
13 340
72 784
280 562
944 754
441 225
738 870
152 125
445 712
634 378
286 966
841 125
640 844
825 858
272 822
875 669
185 251
921 116
460 336
832 681
864 578
516 934
434 375
141 577
31 443
953 587
40 925
549 313
494 531
278 113
248 677
410 169
954 716
600 921
503 451
394 821
751 263
623 562
972 330
370 661
31 93
228 832
879 826
71 621
765 722
158 694
253 840
643 832
262 575
58 342
574 381
877 789
722 743
246 146
232 733
612 163
378 778
542 126
569 757
660 164
3 472
107 38
972 123
817 60
563 125
231 595
233 295
877 719
452 81
399 959
614 98
117 677
133 320
230 972
138 797
983 717
375 457
820 398
489 551
736 833
291 290
55 261
569 198
480 180
667 655
402 810
548 782
546 308
451 926
929 530
306 464
732 431
697 123
16 597
38 760
916 723
527 211
739 815
296 710
406 490
544 861
120 10
651 11
601 394
877 567
855 535
310 443
420 18
773 396
548 762
783 138
442 293
940 371
100 813
324 44
54 400
529 511
254 196
339 467
818 503
27 491
579 66
963 364
103 417
324 305
914 174
413 956
19 430
772 16
313 717
23 821
150 935
337 340
923 830
410 743
31 222
58 815
442 315
806 957
79 194
561 327
525 484
724 216
28 976
124 406
822 366
380 437
109 750
271 262
661 223
611 230
757 331
939 344
190 281
924 44
913 281
14 92
676 999
109 343
570 155
435 947
562 576
708 416
603 332
660 392
708 400
13 860
363 283
660 339
335 332
419 487
419 826
168 336
258 571
88 821
744 137
946 717
984 775
345 575
277 833
309 412
311 989
847 746
25 410
623 116
997 628
580 428
444 897
115 748
643 952
950 817
458 258
363 80
277 52
667 1
355 313
83 915
411 619
157 73
985 632
474 642
831 372
238 577
424 968
685 104
504 555
564 388
214 576
583 258
88 669
70 211
36 650
245 344
793 900
810 337
921 319
99 896
957 713
902 641
350 366
86 323
448 999
674 394
32 742
559 968
755 534
280 294
572 557
441 712
932 47
864 110
476 334
859 915
462 722
326 70
890 842
311 843
455 614
224 964
422 160
99 638
120 729
304 923
46 815
489 63
415 500
884 864
106 891
311 167
3 142
755 883
426 991
79 955
455 714
933 567
429 525
673 172
359 769
855 156
987 658
289 187
346 323
606 936
863 816
916 256
477 769
921 256
234 308
800 222
303 334
807 175
486 431
948 462
111 635
937 644
462 211
647 392
561 704
284 105
712 191
839 281
86 683
398 225
71 837
376 367
828 155
442 458
886 385
435 467
784 849
306 726
804 491
779 788
332 602
773 972
763 277
529 378
799 844
673 165
821 479
966 537
698 167
75 335
534 257
384 616
69 396
25 823
944 43
671 861
818 131
875 363
985 356
198 220
436 180
475 300
720 450
90 380
57 130
190 426
134 920
67 742
134 785
324 223
304 132
307 372
109 576
793 573
538 949
519 245
599 194
190 309
46 872
391 955
30 450
324 110
382 726
970 568
781 310
24 760
296 317
287 586
613 416
888 748
927 231
482 24
49 366
912 914
585 327
399 790
38 840
699 654
494 382
518 523
983 8
540 119
262 490
394 207
892 578
969 62
911 906
983 816
645 412
42 22
867 260
354 260
615 610
809 1000
505 459
251 244
646 543
403 667
116 160
580 858
136 627
931 521
161 42
472 180
506 725
55 946
168 164
787 264
885 975
600 965
568 400
456 938
988 899
125 526
849 323
298 20
70 18
642 408
376 54
981 172
88 704
606 857
144 775
144 460
715 496
498 871
863 934
111 77
508 275
757 853
973 952
39 180
781 197
532 476
384 234
385 71
442 487
814 235
722 501
885 807
869 98
246 384
263 769
673 223
66 743
712 878
31 454
742 906
326 829
953 63
58 567
458 176
645 236
792 688
79 766
432 26
119 244
619 567
502 169
286 906
582 471
548 323
289 327
678 108
517 855
276 955
600 782
772 554
118 121
389 119
375 976
717 632
233 340
987 952
144 894
230 957
802 594
325 226
679 199
478 337
282 734
617 766
368 327
522 400
32 963
623 410
339 740
567 285
888 71
395 487
134 715
376 358
876 148
569 560
414 477
456 10
237 241
291 274
165 175
974 576
276 979
133 635
616 347
744 656
29 229
333 496
413 726
751 333
932 745
754 898
646 811
701 649
772 712
299 156
666 488
504 964
444 619
737 378
395 250
795 945
90 811
143 922
753 823
993 256
522 609
976 397
385 752
61 208
389 713
267 4
87 202
848 294
172 701
577 686
111 789
99 398
339 791
260 570
851 322
816 864
265 820
856 322
838 694
505 898
90 528
660 977
695 999
676 896
882 910
444 608
373 640
59 278
973 640
780 973
975 80
267 681
141 378
920 291
988 872
754 496
383 886
941 441
657 597
813 328
511 83
190 51
483 7
445 278
851 162
994 496
597 590
393 93
590 127
260 547
872 356
973 748
977 989
266 876
432 897
198 820
72 211
514 22
951 640
916 467
510 734
41 878
666 205
398 294
498 587
482 68
600 20
449 322
30 289
119 746
876 193
92 368
670 681
165 81
622 702
39 632
353 900
634 511
134 852
446 586
50 860
782 597
731 453
839 604
855 384
474 493
865 638
107 225
497 900
59 669
43 967
851 114
946 398
28 382
629 735
125 148
670 213
793 634
738 384
995 892
762 81
819 394
158 210
696 10
509 123
970 767
438 57
367 397
517 481
956 235
188 235
779 479
85 956
763 633
321 526
251 262
986 991
271 587
109 679
785 957
374 263
361 231
68 480
819 680
929 629
472 915
237 546
953 273
664 743
847 515
152 112
338 964
47 459
325 730
345 52
509 131
55 27
42 854
353 180
566 934
617 45
528 69
488 898
17 999
9 710
58 412
129 217
276 701
365 721
354 173
337 355
797 315
389 954
587 594
287 821
694 945
204 721
980 70
402 375
277 889
422 425
199 493
685 621
924 811
745 207
46 548
579 203
268 332
485 737
401 799
129 357
991 472
762 22
243 749
279 507
391 221
691 52
32 450
105 524
364 142
739 520
5 373
424 462
77 504
33 261
611 640
557 377
802 130
651 297
612 550
940 400
11 982
317 229
931 754
839 805
291 787
605 194
313 584
718 758
851 350
335 945
764 178
446 801
88 968
162 399
271 601
627 945
205 602
186 636
414 36
813 230
824 1000
746 155
444 579
583 106
784 500
760 93
627 747
666 15
756 964
64 341
504 412
103 204
52 479
806 704
19 197
114 381
461 349
313 955
670 953
967 599
161 660
71 105
235 836
605 24
461 600
451 116
299 884
359 690
69 147
876 293
770 214
643 92
58 740
717 520
460 106
812 727
522 566
762 915
213 857
159 840
247 352
474 449
554 871
917 193
423 641
43 348
690 578
855 743
389 654
764 431
16 378
824 567
551 956
127 707
737 704
311 301
224 509
512 394
868 349
687 54
670 26
376 658
569 946
126 500
589 964
466 830
519 921
158 154
51 99
616 285
246 456
774 54
390 716
196 821
566 330
107 556
53 173
733 784
973 332
920 872
478 576
960 207
445 609
724 597
818 884
239 115
227 562
608 230
627 130
936 701
538 36
463 691
544 259
834 494
639 321
87 4
953 747
916 22
574 622
42 647
645 913
243 881
932 391
963 21
339 472
656 955
290 200
232 318
769 137
443 159
534 395
592 142
738 229
205 319
171 755
443 562
3 731
100 957
873 1000
390 378
267 164
324 403
109 825
612 590
205 400
333 742
941 999
504 909
391 895
782 191
506 231
567 827
270 169
41 487
865 993
277 185
995 825
673 156
601 991
159 713
90 227
894 353
219 397
383 12
819 352
618 481
888 610
620 586
249 501
598 481
475 749
585 902
278 225
694 341
109 342
291 783
990 826
259 899
98 210
463 21
29 714
492 372
927 378
639 529
88 281
803 511
343 341
753 918
572 462
666 704
539 319
775 694
811 290
390 37
763 349
406 555
86 57
32 736
416 730
569 228
151 392
184 923
3 884
753 231
580 976
872 297
465 245
647 979
964 217
752 975
783 553
913 570
219 991
109 596
502 526
455 616
60 563
150 952
996 701
389 484
134 754
157 72
162 968
549 44
427 357
773 113
383 977
739 552
277 489
461 636
295 293
744 242
563 960
470 959
124 887
438 739
104 633
699 634
442 750
296 813
922 692
929 79
668 80
563 881
512 135
380 392
416 721
787 15
415 202
30 100
699 804
708 2
958 979
981 775
597 530
47 847
804 395
333 13
286 283
824 8
806 743
333 397
489 791
203 69
544 889
367 771
25 19
30 322
299 566
836 730
502 979
687 199
11 449
179 492
452 182
254 293
897 967
565 938
722 778
207 570
690 694
589 889
948 712
75 156
517 548
149 808
296 788
27 490
102 248
467 278
31 633
506 897
402 451
287 661
474 428
266 486
313 413
421 900
99 537
338 473
102 75
263 891
919 567
941 719
880 156
755 655
888 44
928 392
374 799
983 935
912 167
659 853
289 194
839 884
863 39
277 832
768 735
371 634
688 264
462 935
263 594
158 534
909 198
353 202
224 221
464 976
432 588
935 842
183 993
403 618
812 92
851 75
101 552
374 387
461 550
657 616
801 515
972 341
271 825
805 902
679 72
917 316
4 302
702 749
445 758
815 491
564 636
802 908
503 730
768 516
803 752
797 842
41 7
41 269
280 862
597 279
689 6
543 167
339 70
781 35
286 148
166 118
753 33
256 82
165 718
976 217
387 348
919 91
510 731
449 35
30 807
452 894
426 972
889 561
290 743
995 841
406 10
683 971
613 971
688 173
282 477
410 278
527 447
586 175
90 392
152 728
909 857
739 496
885 684
690 714
773 588
581 675
673 258
783 86
107 721
982 500
42 784
59 601
634 105
266 655
266 216
907 858
72 626
420 83
716 170
862 409
954 742
920 373
442 332
816 293
647 788
963 968
192 315
429 631
466 771
267 299
692 131
968 534
219 530
552 640
475 396
77 155
33 115
463 808
601 154
428 331
111 291
801 234
815 305
36 830
365 235
165 926
5 426
355 45
742 683
546 213
451 737
712 213
940 754
958 808
348 879
184 760
556 401
31 915
317 505
85 935
913 274
109 614
753 979
143 792
37 293
38 445
393 733
224 857
704 110
817 603
540 412
356 727
424 734
212 384
712 553
744 993
644 364
569 284
511 633
385 454
802 884
331 857
631 344
355 526
961 191
135 308
338 631
601 467
801 534
676 195
72 855
192 278
492 653
255 53
664 571
149 957
925 81
11 994
872 200
85 618
557 176
710 938
328 998
472 609
128 840
18 747
214 557
367 369
149 775
149 473
870 551
418 223
448 701
909 548
658 462
532 30
453 947
143 702
647 703
43 526
288 126
301 489
85 332
226 762
929 62
529 721
514 250
317 551
61 126
943 832
756 840
817 737
32 423
325 372
687 461
458 820
184 535
186 202
539 159
5 412
668 332
134 239
924 339
356 480
140 194
876 344
380 644
731 859
18 871
521 1000
258 734
222 663
38 886
867 862
463 993
579 968
371 496
446 778
267 148
583 319
180 915
162 418
127 632
518 366
810 745
478 635
371 607
744 664
391 352
802 713
729 479
107 415
824 809
598 372
676 807
311 973
882 260
811 992
920 686
637 992
62 127
869 373
262 621
286 772
765 676
306 126
34 516
207 381
770 316
383 124
615 362
132 999
166 871
133 773
815 857
796 893
393 533
46 313
856 92
243 322
880 182
880 635
383 461
40 61
799 842
43 217
95 473
651 146
870 26
985 106
34 368
987 282
770 281
387 884
560 200
478 951
262 128
465 20
688 290
781 262
212 54
177 664
527 669
288 357
751 777
609 202
809 965
537 200
387 123
978 257
320 54
599 798
529 454
267 875
987 910
654 44
237 953
438 602
863 336
41 297
424 703
779 321
544 292
769 308
598 893
983 44
732 634
215 902
860 108
418 356
38 901
430 718
739 175
888 680
689 92
605 778
179 252
206 408
716 883
716 312
792 216
185 230
995 902
43 629
120 897
321 256
751 65
450 507
311 6
875 582
750 566
626 576
936 312
989 925
496 511
440 622
596 853
941 132
190 631
980 350
587 915
468 125
72 702
931 946
518 98
376 754
497 762
914 10
775 200
338 852
296 471
68 135
654 650
569 337
619 676
514 374
772 594
882 837
848 488
385 622
442 60
557 400
724 29
598 137
803 62
237 41
892 177
531 165
458 220
630 853
765 701
869 287
429 589
339 230
417 251
188 356
236 895
455 178
893 997
349 908
311 725
530 225
468 719
86 138
452 513
684 926
238 817
331 113
719 56
251 222
522 810
440 293
673 720
249 19
547 235
295 967
698 712
880 965
443 394
224 7
224 900
478 115
374 311
941 415
291 954
838 659
35 706
271 261
18 908
256 500
111 340
185 598
754 327
558 754
741 306
312 842
850 234
470 763
858 901
674 790
935 343
260 942
218 138
240 405
312 971
775 229
665 406
519 23
94 167
615 596
248 638
99 382
729 241
101 115
111 127
258 193
477 971
3 936
562 998
943 359
820 18
841 947
146 65
815 710
646 740
648 131
940 628
297 398
390 605
711 51
232 801
589 473
380 790
394 969
474 994
680 73
267 72
537 704
572 660
59 132
902 269
812 797
328 381
407 710
946 363
172 21
732 466
199 853
411 574
94 53
367 121
867 247
390 810
338 68
429 976
321 719
451 808
65 683
324 332
87 992
860 891
573 404
114 830
996 222
390 270
466 343
925 305
342 182
379 308
881 392
878 222
851 870
274 590
866 363
499 878
135 915
28 180
546 451
604 110
51 534
114 818
989 21
866 85
999 833
79 539
905 648
985 115
696 718
759 849
448 566
732 425
850 836
238 859
807 531
168 840
522 315
182 901
445 334
162 819
689 394
450 334
514 529
785 975
642 7
364 290
827 1
611 694
8 65
792 828
941 708
980 926
911 884
85 272
89 717
219 881
53 938
498 961
700 443
443 543
560 344
282 915
375 150
673 596
237 173
527 300
50 557
514 710
931 140
660 342
476 605
185 485
538 189
665 563
478 247
116 798
942 91
374 420
682 908
340 252
838 279
196 214
356 602
793 894
375 518
684 408
462 252
816 971
542 378
446 431
946 236
801 727
783 926
418 894
38 576
240 791
665 167
367 252
596 117
153 507
340 827
800 575
600 396
876 328
201 908
346 626
661 334
593 8
865 667
651 165
597 822
30 375
437 640
608 6
517 767
22 1000
647 49
286 503
351 707
209 400
360 335
124 312
452 359
271 813
860 721
311 991
935 378
97 794
47 918
522 301
153 83
45 602
262 992
338 49
232 564
141 71
252 641
839 703
272 788
812 995
652 341
856 862
66 221
532 436
766 591
582 808
355 275
630 550
572 713
117 20
449 21
902 350
272 850
184 678
794 80
624 814
397 500
183 551
184 511
712 105
173 991
133 458
94 437
84 152
385 430
12 218
505 760
638 610
803 372
885 58
482 644
437 649
470 274
810 827
486 316
335 836
86 767
655 15
161 735
53 345
401 200
991 231
12 706
247 769
84 126
747 285
792 1
144 59
236 132
542 375
239 722
367 883
560 755
141 466
260 737
102 366
673 162
802 861
805 301
362 836
988 331
592 617
383 942
773 135
21 610
246 896
671 854
670 746
857 302
625 799
660 210
71 694
148 836
737 62
37 957
665 951
243 360
647 515
422 633
652 500
427 484
428 494
634 379
506 439
877 431
143 288
572 291
348 200
334 602
957 930
889 938
237 599
391 497
67 368
988 467
90 180
715 880
455 419
994 902
540 542
995 118
120 849
439 760
271 921
766 823
247 718
270 678
346 328
311 949
258 473
800 814
44 861
582 823
463 400
800 802
212 475
514 812
88 41
765 817
216 419
36 777
146 550
40 631
502 628
651 143
819 740
846 633
162 573
160 312
490 964
321 547
785 22
306 636
588 769
296 400
920 949
519 247
523 256
67 377
188 427
85 494
988 696
34 799
697 197
163 170
843 489
40 917
93 300
497 95
478 75
364 621
173 743
887 992
795 758
598 637
838 790
196 162
803 410
144 440
808 410
241 964
242 956
111 396
773 836
391 205
539 416
905 879
709 582
509 599
731 275
362 729
606 811
419 530
238 807
98 473
423 913
349 241
418 142
564 177
585 108
162 208
860 511
175 386
240 626
353 688
869 103
393 585
249 972
106 408
622 858
364 62
248 618
774 812
773 828
679 735
51 914
303 45
966 957
638 632
623 628
76 954
771 234
716 962
260 475
117 1000
744 425
262 52
560 530
491 241
485 235
982 40
50 777
911 425
362 119
532 367
424 596
206 188
387 610
449 703
162 876
246 216
266 394
12 566
90 272
715 323
592 594
93 790
77 433
149 36
186 798
62 766
484 962
190 189
360 176
150 305
72 15
698 207
326 644
937 155
296 301
958 355
796 567
266 518
787 297
638 125
770 116
198 739
548 794
399 870
987 449
220 193
458 628
538 234
22 459
867 167
339 69
887 312
157 720
639 892
642 375
782 323
608 890
715 574
738 830
674 397
258 973
897 801
653 945
910 431
696 706
813 201
573 169
623 420
897 381
700 396
271 609
6 435
64 86
493 906
212 281
468 899
451 205
876 666
77 580
471 733
700 566
423 98
114 122
614 916
171 129
100 630
84 339
619 117
359 747
503 966
282 330
536 702
921 235
333 98
725 864
441 860
563 231
374 593
656 733
125 341
542 584
89 807
715 480
534 221
864 784
684 881
539 555
42 1
478 659
547 39
708 308
124 472
913 370
376 684
336 431
699 974
95 585
295 492
792 966
351 174
463 992
619 662
897 947
983 835
114 182
508 289
977 820
310 235
195 300
442 813
548 663
977 817
557 896
764 31
711 949
177 358
233 577
482 236
219 632
843 223
419 106
437 343
212 562
206 358
777 234
732 370
924 308
121 833
782 341
750 201
474 403
311 775
644 939
582 568
793 938
171 494
757 70
869 10
851 531
485 305
947 250
894 872
794 903
739 530
703 951
133 352
890 327
882 803
218 749
378 500
643 98
873 307
420 425
855 874
367 930
936 164
869 432
873 406
213 264
653 437
988 308
862 176
345 163
478 820
604 491
406 897
912 172
643 842
282 313
238 928
983 190
180 844
417 534
806 358
455 76
348 10
296 32
425 137
152 591
763 71
639 760
838 472
174 213
460 426
699 41
755 180
421 93
97 180
689 83
907 228
514 860
529 541
325 76
810 202
179 898
185 780
662 270
611 488
875 904
937 414
433 973
86 1
858 404
343 568
254 461
881 153
311 996
94 524
59 916
539 641
8 898
742 358
689 874
709 556
665 203
208 235
519 79
243 65
53 804
796 823
296 466
95 909
665 879
26 743
98 568
389 412
598 622
88 852
72 526
877 44
775 61
919 459
386 405
754 386
941 624
660 174
49 290
484 570
765 364
12 772
342 968
204 26
865 541
220 56
205 490
353 481
354 26
154 175
890 184
856 915
304 116
621 365
213 640
514 658
329 821
720 509
90 908
645 344
261 343
706 342
923 964
333 229
107 240
696 630
35 570
803 881
751 208
625 849
458 809
306 844
442 536
973 972
765 559
86 409
428 96
414 407
624 82
937 669
567 457
773 303
97 198
795 747
483 327
85 844
411 41
379 611
782 701
987 701
514 295
474 15
825 48
645 952
442 705
684 448
61 638
996 498
479 366
474 906
457 896
527 747
508 527
896 208
272 213
291 115
807 394
475 511
438 299
335 303
645 965
139 135
58 210
555 121
639 528
894 309
36 840
684 521
863 334
993 315
566 640
995 222
444 546
907 186
946 83
460 772
107 664
340 716
552 315
953 3
556 355
940 962
885 788
651 177
212 918
389 41
360 598
478 446
914 187
40 852
348 309
719 235
331 790
172 235
271 787
456 996
937 123
4 777
921 209
117 896
532 42
541 62
299 703
446 418
871 568
585 521
158 189
586 696
555 315
39 305
667 63
765 955
389 834
691 766
690 842
784 881
569 363
271 418
402 207
739 567
333 933
311 471
764 194
88 269
624 207
687 53
282 79
95 800
666 492
867 110
572 126
675 200
746 830
251 571
286 405
982 854
859 952
145 974
589 804
509 895
438 655
619 789
862 829
224 76
381 241
982 603
116 903
65 691
7 816
981 816
84 680
390 570
804 863
697 537
894 681
550 901
618 148
444 523
424 108
8 66
264 663
742 806
176 617
229 241
984 997
14 401
624 119
145 290
647 917
291 669
795 805
647 828
36 713
944 435
49 955
157 442
195 334
12 808
573 118
171 345
183 927
607 850
684 766
79 94
522 550
246 655
228 398
781 656
873 706
608 842
840 758
628 261
426 187
958 551
299 230
851 597
9 602
384 769
504 435
875 273
583 224
732 702
753 170
555 297
22 655
756 350
296 607
813 603
834 173
102 482
564 521
700 966
181 515
660 593
909 610
385 578
995 399
744 94
579 899
639 964
255 686
580 360
56 602
678 640
366 891
211 80
739 73
474 825
830 677
138 790
982 10
711 456
527 719
587 710
353 105
424 284
571 829
242 942
161 860
133 715
426 327
465 861
617 104
262 110
362 172
696 78
532 316
271 487
738 2
519 316
538 528
460 375
579 501
559 16
689 17
565 469
525 822
124 594
396 20
162 371
219 667
203 904
259 906
403 753
55 270
499 238
615 228
946 880
834 646
693 959
433 598
765 845
380 224
181 262
461 628
220 231
622 822
781 836
403 606
687 14
133 126
674 393
38 736
762 252
75 701
496 257
560 313
136 801
581 123
393 366
333 443
87 600
506 564
203 560
803 968
497 211
919 48
90 456
207 194
119 817
464 617
263 123
102 33
35 845
643 306
676 784
145 277
860 683
828 578
369 409
296 80
188 173
410 459
689 976
851 833
356 225
873 793
468 976
488 313
514 720
666 223
779 105
736 405
679 79
166 764
957 20
172 377
445 821
818 890
800 209
395 535
468 71
927 653
325 858
290 409
23 891
764 721
695 377
998 404
977 900
615 617
597 537
102 73
559 293
323 652
311 106
674 694
89 703
752 73
810 208
607 197
440 485
848 290
774 501
639 464
944 955
444 724
449 220
196 600
922 649
71 392
879 175
420 971
402 298
276 826
932 606
958 826
718 405
357 649
764 560
910 836
802 853
492 884
70 895
604 918
974 771
497 54
443 94
444 826
945 891
378 972
927 650
887 543
550 388
933 4
508 332
773 16
370 194
772 27
337 801
464 797
985 410
803 191
345 201
291 860
271 359
883 790
572 864
612 821
332 343
676 342
689 625
762 153
673 373
657 467
605 317
326 381
369 421
40 918
714 797
51 782
631 471
813 155
248 729
209 821
598 201
188 292
585 766
700 464
838 173
676 216
571 831
438 831
699 643
114 417
631 285
522 904
634 334
282 475
598 868
158 340
814 702
402 122
310 659
919 547
442 165
685 167
795 36
737 173
263 412
469 202
32 3
770 154
984 330
306 897
11 18
589 150
725 714
361 81
403 657
404 217
560 303
522 81
371 733
465 413
84 479
216 666
340 939
324 462
752 257
770 996
862 415
937 145
316 826
248 149
472 594
51 63
77 574
963 135
637 769
185 274
919 715
637 925
698 730
443 108
905 9
62 413
670 566
874 344
696 898
508 251
967 677
383 67
462 447
102 879
776 335
985 1
851 200
7 771
444 959
157 178
529 105
875 830
615 163
270 467
806 513
732 96
555 259
277 1000
681 209
922 936
351 630
890 894
84 486
818 564
321 551
625 14
219 258
236 771
477 957
990 347
288 881
11 889
540 206
391 827
912 899
529 139
583 472
326 184
754 798
897 82
38 692
274 806
485 616
226 761
942 868
338 552
926 626
505 105
216 344
674 268
215 691
970 165
922 47
976 836
494 819
461 889
6 33
962 830
246 423
28 840
529 98
201 347
916 173
550 312
163 518
992 964
700 397
705 289
670 91
885 465
893 616
469 736
379 129
753 541
406 323
983 785
973 186
439 951
629 758
143 477
680 153
812 164
414 83
711 745
440 223
974 427
885 217
775 78
27 52
239 481
193 300
25 285
784 649
639 435
948 127
160 708
824 69
494 218
442 517
496 992
230 661
774 183
670 51
470 512
472 223
397 235
52 708
574 96
828 811
905 98
742 92
212 289
977 408
639 602
134 752
306 167
860 15
605 503
532 905
865 521
239 178
648 113
540 634
353 309
140 405
654 412
562 404
876 340
380 273
436 694
435 678
865 634
644 594
477 884
707 734
616 202
468 123
49 597
29 364
50 486
605 909
761 176
149 242
753 154
514 403
424 64
61 142
77 21
496 999
623 55
627 760
427 106
349 202
196 531
619 813
90 631
52 543
560 207
492 217
369 479
114 679
539 7
940 991
206 762
127 202
28 91
60 370
780 701
88 299
143 625
931 228
32 435
145 740
588 584
866 317
981 287
298 555
902 701
882 4
85 348
88 101
727 62
150 400
823 372
787 911
935 798
516 396
786 373
26 874
5 566
724 239
304 653
656 7
158 70
39 952
860 292
717 493
402 89
739 653
277 1
579 269
691 814
102 675
909 49
89 59
324 761
733 301
254 638
989 270
984 301
519 381
828 825
354 145
950 387
124 657
940 843
34 818
74 871
364 26
399 126
998 137
203 396
983 119
280 57
279 398
282 414
47 552
84 806
598 505
378 906
216 644
808 784
97 939
503 415
684 533
646 356
723 530
668 292
370 57
598 342
449 122
547 938
987 588
255 22
952 15
438 595
977 554
619 513
775 895
631 794
227 61
309 603
305 241
606 740
110 971
109 193
151 270
819 152
442 385
295 33
740 357
985 211
580 356
176 733
433 194
99 322
625 953
845 840
517 507
356 235
336 344
227 283
513 472
265 570
106 382
77 344
882 463
440 326
562 794
248 46
563 194
134 283
505 14
656 570
417 551
236 490
607 245
699 892
24 778
740 413
557 705
390 969
377 971
581 490
357 837
144 542
586 845
328 384
143 352
536 15
385 178
885 100
297 395
579 934
671 387
444 167
103 893
749 490
659 331
932 806
317 974
208 632
314 251
151 170
558 350
456 549
109 917
514 215
811 616
272 667
609 20
683 78
371 256
868 194
227 218
40 164
390 207
339 811
856 127
712 708
921 349
877 577
851 915
362 542
474 571
608 415
455 641
167 955
442 93
260 36
23 520
410 2
528 737
619 375
216 675
705 835
567 207
881 844
572 250
75 946
184 132
810 547
288 809
867 430
254 384
265 746
411 404
947 915
622 222
587 392
642 488
733 735
311 520
55 168
77 795
539 178
26 392
941 295
246 103
420 498
158 484
41 92
905 807
166 257
845 640
350 908
246 888
228 211
542 270
267 450
806 766
678 259
571 147
828 289
666 132
522 129
744 369
265 184
46 791
446 857
390 35
733 252
715 641
481 794
496 621
478 677
255 614
134 747
472 56
243 574
825 500
574 836
684 439
261 823
813 213
816 652
47 972
28 658
909 364
506 302
675 140
969 705
862 916
239 414
793 998
28 769
752 420
22 164
513 541
751 238
418 302
807 264
440 458
277 952
95 103
352 225
354 221
852 588
459 578
307 678
715 113
428 992
982 475
269 292
987 533
860 73
984 381
683 858
757 472
562 617
725 609
429 542
357 193
219 224
914 960
368 112
166 263
759 156
139 300
28 316
638 957
895 844
953 640
438 647
839 747
639 400
206 340
51 197
482 859
265 864
446 992
251 672
909 897
346 148
664 636
24 870
39 294
477 415
540 841
6 480
8 853
461 526
678 864
461 531
877 701
949 208
542 566
679 278
809 307
162 181
260 363
351 225
426 127
463 22
321 323
410 635
213 341
106 881
705 853
676 165
697 511
309 375
129 302
587 426
882 753
277 675
619 35
540 468
724 169
449 484
319 130
28 736
233 370
161 363
288 861
54 864
554 863
773 78
786 350
869 240
212 63
270 952
606 139
256 139
970 707
973 18
22 381
832 649
444 154
445 4
670 114
249 617
158 877
468 272
911 364
4 541
435 457
92 241
311 767
238 581
51 447
996 68
706 491
744 842
709 984
818 58
418 315
655 294
90 11
738 686
260 481
280 106
133 456
668 756
407 740
211 479
582 968
287 82
625 330
277 541
521 220
320 966
109 160
340 115
253 686
859 63
586 733
608 381
247 29
738 26
24 297
728 169
761 688
996 252
944 458
138 273
854 187
838 604
470 602
291 945
254 296
932 379
161 593
420 973
645 244
723 748
596 614
371 630
981 44
696 895
52 54
472 300
474 312
256 123
973 511
517 458
24 530
776 204
338 581
541 799
429 101
965 760
288 422
777 382
580 892
436 169
316 115
920 514
458 122
166 443
489 126
633 840
544 215
581 702
584 110
582 649
91 533
287 180
865 301
793 115
149 450
502 953
101 270
122 712
946 477
691 153
431 552
819 899
731 126
407 667
712 749
271 398
371 773
11 722
866 945
962 823
407 222
598 650
49 934
987 974
158 533
639 521
77 490
894 617
144 164
776 7
936 191
58 194
792 281
877 430
5 20
809 871
390 887
248 578
282 465
620 426
565 108
894 295
7 518
145 484
145 559
882 279
19 575
810 811
668 363
834 594
482 759
544 238
600 816
196 561
982 560
35 958
488 746
35 400
53 868
864 352
477 589
848 692
540 941
446 1
651 370
427 153
546 388
619 326
854 152
583 340
894 513
751 461
565 248
16 704
786 400
97 602
277 257
387 138
206 519
687 678
580 187
600 164
176 33
324 5
639 566
433 3
17 285
440 662
548 845
848 844
441 886
886 512
499 318
134 435
444 818
85 303
547 332
470 653
362 10
513 730
101 18
240 264
94 439
442 617
248 771
389 783
779 244
999 831
141 105
338 167
901 915
260 707
645 94
512 305
421 772
208 112
425 654
384 975
9 820
853 726
85 1
909 100
529 587
87 379
107 611
271 618
870 368
521 843
673 916
850 594
513 300
444 858
284 999
619 121
838 165
696 329
770 592
79 213
203 331
642 382
9 110
371 903
542 681
407 520
321 772
675 264
911 427
968 211
968 616
805 122
456 498
593 186
298 854
958 7
545 471
523 550
601 778
12 335
631 205
876 526
605 72
716 640
457 1000
190 299
173 273
907 250
380 596
991 182
255 771
933 734
606 562
513 617
614 105
444 292
905 782
662 153
729 901
768 653
620 47
751 481
538 232
685 263
924 515
154 241
219 945
781 361
28 597
988 773
402 296
485 535
920 29
3 835
378 372
134 897
528 93
911 207
821 713
970 718
663 250
59 933
884 453
958 409
54 702
232 986
875 18
751 472
219 366
259 56
212 115
779 542
478 968
246 581
598 211
376 910
203 279
30 330
569 20
56 524
608 201
992 766
722 193
77 717
64 129
262 36
176 784
565 64
659 592
859 431
914 261
753 811
438 591
504 739
505 649
792 857
354 736
133 212
960 217
232 946
909 969
583 243
269 991
324 833
808 602
491 550
111 785
111 204
519 835
24 200
151 784
62 341
137 431
46 857
30 290
806 329
89 524
970 498
470 43
240 672
424 466
461 520
832 617
942 628
34 13
351 273
876 535
855 178
50 746
287 747
272 235
687 389
284 965
369 586
333 726
172 332
139 726
981 323
445 126
503 515
18 252
145 524
169 677
991 382
739 273
461 874
778 73
67 980
800 513
157 593
100 835
892 721
876 635
380 496
89 499
810 921
904 116
280 377
246 489
763 49
356 633
105 831
411 791
824 374
571 92
827 771
42 898
832 955
775 501
100 614
937 37
85 347
639 900
965 113
31 334
34 683
326 352
825 140
717 283
863 155
21 484
847 125
647 575
828 874
282 263
227 284
285 431
987 899
948 443
219 842
1 341
339 515
246 738
25 264
530 352
637 863
546 587
411 275
503 649
87 212
932 151
457 113
242 658
25 515
49 408
725 397
943 314
763 637
963 536
675 2
17 627
853 609
625 636
825 479
238 516
422 993
428 352
761 934
478 957
616 777
933 142
565 639
675 147
855 459
143 68
699 777
62 73
246 729
689 307
102 612
35 628
676 527
365 197
699 870
205 891
367 220
924 513
941 733
249 15
980 901
486 426
446 66
489 83
166 131
291 731
878 381
219 477
445 326
847 301
981 705
723 523
23 819
910 56
215 194
199 388
828 340
699 580
496 410
21 560
810 644
776 625
850 552
744 59
796 24
998 175
84 814
430 349
89 417
802 327
604 18
92 900
770 115
274 236
402 386
994 575
929 803
540 188
523 92
339 18
79 607
232 169
12 146
548 505
676 566
237 936
134 122
94 388
994 686
27 349
744 985
532 285
375 357
605 648
52 323
953 891
32 509
91 594
38 938
862 535
848 823
722 784
778 501
46 704
319 610
86 363
161 477
600 698
255 352
981 66
295 733
422 420
983 346
100 531
351 121
72 789
725 333
143 513
38 707
389 879
627 802
386 790
354 812
724 773
321 695
340 81
195 635
90 729
97 729
253 358
540 21
255 70
76 852
396 584
519 730
848 740
151 395
851 561
618 147
741 825
102 597
219 299
111 818
774 428
685 714
873 945
817 997
33 760
765 935
850 368
454 331
644 82
310 561
423 697
482 215
634 968
411 874
687 909
639 952
987 549
877 318
146 968
254 953
195 405
149 307
626 110
616 568
31 553
32 921
51 829
181 194
219 435
75 406
111 129
424 841
991 347
226 790
793 536
559 690
853 294
953 945
214 705
569 950
427 707
271 428
220 466
630 534
792 136
719 952
458 705
647 378
528 931
946 284
524 798
805 788
107 41
963 382
42 442
988 433
779 76
67 635
801 63
585 250
89 304
608 250
717 312
361 733
449 535
477 276
428 552
424 19
851 590
13 980
378 798
989 823
342 701
109 606
720 729
943 497
432 963
558 406
689 229
391 398
216 690
922 278
761 454
174 417
990 823
51 626
21 739
260 759
762 830
355 894
671 34
610 408
432 153
886 919
764 67
111 114
668 350
174 731
724 419
483 566
817 661
28 317
360 331
913 692
696 106
892 479
442 132
813 968
959 372
719 584
390 177
317 155
670 775
34 903
289 501
474 533
476 817
993 332
699 503
385 922
872 992
37 740
781 624
764 296
123 400
307 610
782 394
534 252
555 184
295 448
120 516
674 278
974 368
926 923
543 683
468 972
106 459
325 542
17 412
57 261
596 184
685 304
231 663
282 776
637 599
798 895
603 197
87 492
433 790
532 335
402 587
607 543
383 362
422 654
97 450
724 301
647 526
615 629
337 934
802 318
466 578
31 516
839 294
472 293
181 221
182 197
59 455
810 629
314 510
759 79
389 480
373 235
428 394
537 655
160 413
269 341
933 739
237 790
179 952
242 675
387 365
338 696
337 832
67 961
68 123
322 938
35 319
290 726
75 340
43 303
872 816
509 244
102 197
23 4
210 142
825 785
842 721
759 128
19 999
258 373
885 354
280 154
320 396
504 451
988 329
144 175
557 227
221 964
912 636
166 79
149 13
242 417
371 149
653 599
319 104
176 490
12 832
751 117
700 76
151 675
428 947
299 955
284 923
174 110
379 543
451 122
954 466
897 218
296 195
710 968
299 968
249 229
106 550
268 281
801 945
397 123
436 170
534 73
882 934
544 456
575 409
562 373
944 184
525 981
529 388
161 725
243 295
255 733
165 293
274 537
86 4
592 829
79 798
943 153
90 243
900 285
229 344
925 747
214 169
566 743
53 464
353 678
494 137
132 372
593 576
152 831
463 945
764 562
50 131
161 396
403 255
806 811
58 861
134 96
981 874
812 466
486 294
508 231
326 26
953 342
455 975
402 978
460 271
944 805
317 829
7 730
429 81
928 217
26 883
161 750
665 314
970 722
592 641
536 910
118 842
102 584
21 842
715 230
499 86
283 191
357 156
546 78
893 826
430 552
434 257
885 421
736 97
319 850
646 680
152 156
919 200
546 843
765 854
966 500
287 758
68 377
662 925
499 257
815 976
390 688
246 85
81 704
14 234
622 127
212 263
335 979
403 308
143 998
60 636
991 976
667 115
540 227
688 220
349 44
138 526
303 200
216 290
660 536
253 227
485 250
788 15
440 501
750 887
556 552
432 854
445 39
410 123
996 899
84 586
725 377
913 285
697 211
861 170
805 749
37 312
297 501
756 125
333 798
297 459
686 794
711 493
862 638
486 945
379 105
252 473
192 259
625 228
468 790
679 974
296 184
314 187
888 359
559 217
579 160
564 735
214 760
452 571
785 447
641 82
808 734
534 82
425 597
98 495
263 496
689 528
101 471
410 396
943 538
267 13
710 883
153 906
978 895
407 733
166 195
606 412
700 496
556 986
722 827
190 296
373 200
230 830
873 701
838 2
948 137
630 965
531 370
973 191
492 187
773 539
678 703
579 24
563 370
66 934
693 597
656 799
34 210
254 468
957 840
539 683
755 507
665 428
563 139
314 98
101 396
360 412
30 723
306 990
933 994
272 722
240 263
129 895
314 591
242 928
96 827
933 743
959 850
887 785
763 504
947 826
376 716
288 562
309 126
701 915
277 426
846 704
111 860
888 76
248 641
743 640
84 593
583 322
282 116
219 186
615 749
994 466
171 872
117 836
502 165
433 991
693 606
670 963
913 152
731 945
761 130
471 591
572 507
627 269
403 906
85 691
987 385
3 874
796 243
328 210
174 843
893 39
72 653
783 503
788 632
660 821
275 935
101 971
186 956
243 334
613 883
445 534
943 326
90 779
518 236
325 182
310 797
418 490
772 609
42 322
679 431
963 387
525 696
601 928
33 730
217 790
325 524
181 450
753 961
345 329
517 614
647 229
613 597
616 327
597 747
28 205
161 166
124 268
929 496
181 371
645 649
692 148
367 535
232 526
227 160
903 489
985 921
485 632
288 902
739 953
203 628
61 256
629 368
258 563
81 80
394 648
528 550
969 283
660 48
589 621
627 509
469 955
453 714
331 915
671 524
174 44
476 116
982 967
731 427
662 552
386 667
370 308
425 492
612 86
776 921
724 122
834 285
189 976
503 63
983 202
417 698
107 991
678 138
402 635
555 22
205 70
613 345
780 852
317 685
49 588
779 719
578 650
40 881
807 361
272 315
260 557
263 381
171 516
480 570
890 801
227 717
907 136
912 648
531 78
697 135
399 203
576 234
96 959
812 336
207 132
620 85
102 853
263 520
474 669
87 324
109 268
626 302
637 378
852 769
544 571
898 884
820 234
504 8
580 349
437 235
168 756
498 459
298 252
944 241
613 430
800 283
765 7
451 396
514 988
786 857
442 634
773 261
921 108
87 213
134 537
338 678
563 108
136 844
450 153
124 480
288 606
642 357
24 980
843 300
661 728
540 964
296 526
371 82
703 381
961 118
561 969
636 395
619 264
488 790
808 906
532 619
806 126
38 771
507 293
646 889
23 815
338 626
559 900
378 915
107 973
950 628
682 677
72 400
402 387
593 222
646 349
353 343
242 416
136 150
706 341
438 118
781 133
12 147
754 36
824 99
71 293
610 524
55 730
918 358
846 195
522 571
995 657
616 602
383 146
770 230
