1000 9884
802 125
659 476
521 451
657 8
176 416
545 271
459 211
242 161
152 649
161 713
122 635
861 872
13 760
910 382
158 483
922 947
256 615
609 847
351 470
319 692
905 175
246 347
692 33
752 508
861 694
626 285
455 453
652 759
64 396
818 715
565 334
235 871
127 349
113 263
331 328
74 842
871 741
438 651
972 471
424 69
633 681
154 370
248 393
389 649
55 925
970 240
844 537
59 435
296 31
593 799
903 740
460 786
852 252
939 118
321 636
72 550
417 759
205 332
378 601
141 395
163 431
951 414
383 712
165 517
80 934
7 358
303 617
836 974
504 431
236 926
377 958
280 832
557 625
250 538
319 310
357 207
34 162
626 520
128 163
57 259
241 622
862 920
205 395
240 75
860 361
572 533
115 418
650 507
615 465
690 1000
51 842
244 309
920 93
99 630
871 696
950 265
110 90
845 477
494 245
820 813
837 905
221 808
739 951
886 570
208 957
744 31
318 54
123 74
985 283
74 538
437 652
555 797
195 762
360 919
919 393
740 442
445 2
66 217
618 794
431 83
554 34
826 847
611 431
387 153
761 542
423 719
796 107
936 782
946 440
585 712
30 823
252 662
114 636
26 490
235 976
878 522
420 634
934 690
870 682
282 131
834 500
411 301
140 293
861 813
477 36
259 241
260 606
118 830
525 214
84 122
106 990
303 728
162 988
109 729
311 702
687 676
558 209
192 346
230 390
177 10
624 381
382 93
935 985
420 378
850 243
859 579
72 143
606 716
845 556
556 417
439 831
940 768
471 142
457 580
298 576
335 623
160 673
50 717
203 709
653 650
974 222
712 93
967 767
996 285
337 904
599 976
176 266
195 502
91 185
720 343
976 225
619 573
647 318
501 778
873 895
121 898
30 452
688 614
647 335
426 81
100 8
433 939
364 645
187 536
312 734
333 702
227 135
356 353
565 115
406 378
290 595
94 997
488 846
79 384
541 234
636 168
70 850
868 363
118 350
635 96
143 675
103 574
151 884
190 714
875 462
291 529
164 481
731 589
719 772
649 891
891 791
297 246
586 262
469 386
473 967
93 310
404 711
259 92
98 492
210 754
890 112
672 291
882 597
75 996
24 850
577 378
761 133
46 897
54 562
456 285
3 208
408 416
490 36
861 211
22 463
83 207
49 483
474 592
951 454
23 979
139 254
440 591
866 4
205 369
480 336
673 679
893 964
470 639
200 79
897 63
989 337
367 493
388 678
730 547
710 533
72 393
915 591
258 994
507 485
907 467
980 763
232 194
582 742
299 35
156 424
449 722
309 70
293 577
593 59
59 611
479 810
688 337
962 272
502 601
668 722
53 834
399 117
772 753
886 409
920 772
423 851
940 447
617 350
345 131
881 465
700 883
296 969
995 345
868 41
744 87
545 26
104 310
639 878
87 407
513 548
972 127
991 173
756 806
649 36
243 653
834 120
321 43
881 51
722 805
401 44
972 349
596 401
65 479
908 565
485 938
216 274
41 86
563 249
156 673
362 410
144 857
148 881
151 303
403 776
743 448
447 775
908 795
857 837
438 974
3 191
477 108
939 859
303 656
71 596
974 607
709 466
274 777
758 929
16 208
130 941
150 271
484 461
992 40
813 86
73 10
747 478
931 151
208 406
524 286
121 751
196 255
414 178
732 473
955 378
501 928
214 784
256 171
811 859
24 183
298 826
940 381
389 385
713 87
67 251
694 948
18 429
881 659
461 303
673 143
406 955
747 794
489 574
53 165
475 767
259 570
419 655
688 460
375 94
582 1000
416 15
553 962
266 940
797 215
191 376
543 983
206 180
782 262
806 143
455 79
539 512
995 194
557 823
134 520
299 652
568 112
553 764
695 937
573 478
125 759
278 455
139 783
288 279
143 667
492 79
119 840
445 479
900 181
586 830
2 396
852 142
299 774
1000 921
340 90
650 566
827 600
24 795
810 390
745 823
173 454
121 109
219 648
951 763
53 940
546 787
124 779
268 45
676 178
349 438
225 136
413 665
178 318
644 551
847 88
923 632
385 105
558 404
346 345
357 893
585 474
346 462
628 472
210 145
987 331
503 496
647 825
519 488
76 759
334 214
141 846
220 713
722 135
869 244
917 109
525 936
450 322
15 302
767 661
556 450
272 786
760 669
683 886
87 136
843 630
237 795
755 354
665 654
707 7
618 726
123 220
379 182
768 129
845 429
369 124
246 666
262 671
982 14
243 724
744 943
816 524
160 32
587 331
255 553
810 38
134 756
182 988
424 260
616 376
448 410
585 719
772 13
282 785
834 322
382 902
734 443
679 622
458 126
44 763
465 842
598 410
667 442
197 275
370 969
494 899
338 363
945 465
50 55
808 87
900 655
499 644
373 355
505 644
676 37
110 729
36 196
296 681
675 487
16 792
646 548
684 367
296 568
280 861
832 666
851 166
138 263
620 537
724 757
846 250
594 124
831 366
465 48
907 89
670 873
548 349
147 412
744 284
392 533
712 94
91 11
972 656
590 99
202 864
385 384
149 359
410 934
841 527
890 872
319 920
431 562
858 202
363 792
878 137
698 371
80 70
599 49
178 751
752 712
259 626
5 26
248 919
209 503
468 676
485 578
739 803
479 100
571 618
89 218
821 777
15 198
221 557
937 260
276 658
260 255
624 752
753 988
991 110
361 843
400 377
40 784
869 799
291 993
218 30
952 532
934 932
22 226
335 409
356 900
14 582
953 986
382 156
849 857
408 417
338 222
151 742
31 769
847 99
983 611
434 604
101 943
548 147
162 306
219 783
42 780
427 349
261 447
978 195
279 810
285 297
837 268
257 264
730 94
217 970
6 141
873 56
690 990
136 857
128 27
661 175
55 752
404 440
68 877
938 375
132 450
388 852
150 799
746 209
266 264
697 228
897 506
717 217
336 188
377 928
602 171
765 717
414 531
845 373
62 97
86 123
471 567
506 486
640 674
635 138
929 644
354 5
209 782
527 812
697 529
917 832
809 975
890 34
498 146
554 797
849 923
114 788
429 887
705 773
74 102
538 297
353 37
27 804
748 490
571 419
280 584
649 705
766 258
895 506
488 977
149 874
560 527
840 134
396 309
73 384
370 578
483 801
569 928
201 292
43 724
522 470
563 594
250 859
722 17
120 323
432 847
345 546
237 532
481 580
777 589
996 327
154 660
873 20
201 433
167 958
265 178
618 352
67 250
729 56
219 471
470 452
777 292
207 994
158 342
933 596
91 785
972 958
556 829
264 965
462 1000
471 618
610 658
80 157
265 509
319 694
694 582
364 861
95 991
646 485
515 554
402 209
412 694
61 972
346 530
131 162
668 75
869 966
212 447
105 937
554 878
437 874
921 609
834 520
292 726
505 386
679 730
641 915
515 998
862 435
281 611
611 990
323 851
178 319
269 724
903 355
277 185
444 60
841 493
852 161
302 646
839 711
278 733
67 666
374 778
103 328
954 142
188 714
654 795
270 716
826 68
702 755
219 604
423 470
206 994
651 51
736 586
176 145
56 967
517 710
775 312
112 963
133 717
544 876
279 963
357 431
125 835
327 523
24 148
298 799
228 92
911 355
271 712
512 232
588 259
626 202
871 340
885 923
869 294
360 778
603 198
808 766
540 813
338 917
321 97
599 370
749 161
531 18
518 90
347 693
900 165
494 580
425 195
868 369
373 701
855 192
5 360
338 695
669 785
930 767
97 932
518 542
776 201
657 186
753 785
81 290
648 387
870 680
27 974
287 400
606 118
952 633
37 185
314 542
334 597
226 354
526 343
585 953
692 326
715 298
277 507
980 190
330 407
44 425
101 552
706 986
391 148
504 94
586 164
129 429
386 308
685 176
372 873
827 35
757 302
577 984
175 867
888 162
103 971
401 847
918 952
823 344
440 753
488 255
801 218
974 451
100 468
580 94
105 378
950 376
57 511
850 708
893 299
180 499
473 367
627 394
241 863
683 492
975 844
797 124
18 261
311 904
422 483
541 119
356 355
873 927
696 896
267 450
706 41
599 278
655 96
551 403
714 313
862 907
722 831
796 474
925 762
101 273
985 23
714 639
365 269
388 324
493 892
999 594
302 262
948 316
312 598
991 510
207 399
944 839
441 545
65 354
799 715
265 608
529 467
26 753
127 747
205 858
306 223
913 973
606 82
149 21
955 888
204 706
887 607
697 839
668 157
654 669
830 741
671 675
449 52
503 967
664 659
455 864
349 664
150 246
941 153
743 13
50 826
490 181
823 149
616 975
301 139
710 873
642 201
82 506
266 245
548 227
552 742
326 753
538 244
423 265
957 817
941 460
121 721
394 17
267 229
620 653
346 310
402 516
276 29
24 46
209 22
708 120
855 507
696 608
716 547
542 227
821 424
869 925
627 505
884 130
243 448
150 796
691 341
545 318
878 640
967 515
406 346
328 578
494 179
33 243
246 5
398 437
592 910
296 347
691 626
298 758
433 806
89 132
909 337
473 101
520 330
248 803
263 842
855 940
400 440
218 467
881 49
312 788
370 366
31 646
914 81
23 367
425 932
977 759
231 456
621 192
445 502
701 232
373 919
140 280
491 52
915 285
973 980
766 545
163 342
572 234
481 111
559 476
328 486
67 899
763 750
267 325
196 293
415 69
970 780
979 541
791 302
742 280
932 623
533 979
556 468
59 84
611 643
276 467
104 698
339 437
987 353
456 247
3 650
812 140
408 122
559 897
487 236
802 150
175 904
90 868
966 909
467 972
738 868
78 253
206 822
778 159
63 875
944 235
896 78
336 123
475 774
263 490
466 754
693 337
397 948
769 353
259 943
756 759
941 611
925 126
668 384
82 949
565 56
604 594
290 550
368 266
185 324
938 138
263 561
349 860
319 689
531 979
843 827
817 904
197 407
143 372
706 384
869 628
193 243
967 43
751 624
535 679
496 396
488 480
779 558
925 595
527 771
911 736
199 850
645 436
657 110
374 335
691 187
46 29
315 235
512 865
838 73
586 62
914 633
291 860
412 846
605 227
166 805
600 285
729 703
913 576
828 309
779 411
389 145
528 153
862 524
633 452
409 786
908 25
410 637
417 303
8 305
972 543
167 895
287 678
905 915
403 486
93 627
495 451
685 783
851 603
559 778
138 210
216 782
567 367
689 217
685 672
927 615
180 280
891 356
401 430
293 744
859 519
216 475
693 87
786 795
643 702
806 350
147 943
39 325
887 129
636 135
564 164
685 164
252 664
238 991
118 303
122 892
456 808
403 759
909 257
307 83
805 496
787 861
438 763
296 192
35 637
799 993
19 564
994 26
278 195
460 674
451 781
217 499
607 218
204 735
832 208
908 221
576 58
182 542
348 818
679 846
460 896
743 155
33 878
641 623
181 726
844 798
555 671
542 697
547 325
921 855
644 517
192 460
67 744
737 160
266 222
725 393
290 200
202 908
439 839
462 506
48 26
746 65
362 694
716 937
953 489
251 722
89 431
881 639
897 242
355 656
542 132
637 26
181 52
436 388
517 586
518 157
976 228
439 764
490 519
71 230
520 173
545 386
229 873
677 645
181 982
661 476
229 606
436 132
844 9
57 841
919 569
540 818
446 373
72 203
788 305
252 700
402 135
908 701
393 472
680 548
436 474
539 379
244 739
522 615
356 721
342 516
456 979
473 859
862 223
373 946
781 363
766 955
412 754
861 925
878 549
832 141
174 940
425 830
862 505
899 113
443 925
83 498
46 234
763 596
156 638
527 537
474 829
273 446
867 530
409 142
600 183
984 278
434 715
840 859
435 606
845 747
610 336
230 417
747 201
768 626
827 209
441 398
884 998
757 400
459 692
690 363
411 338
379 726
326 615
58 385
665 159
349 670
940 999
23 605
580 270
751 487
953 404
155 159
167 694
849 283
498 331
758 661
686 374
564 826
309 417
367 95
134 203
488 99
161 234
523 132
90 163
55 611
974 335
579 125
467 951
424 770
698 277
4 646
613 902
560 286
688 291
673 81
303 394
813 686
330 596
826 433
220 832
282 659
821 250
424 999
359 560
678 940
422 238
705 962
504 765
393 500
86 347
108 391
143 640
796 174
406 876
636 941
819 247
584 848
623 657
75 167
406 218
403 924
193 304
875 316
433 481
515 895
538 388
44 701
502 341
162 912
537 580
610 18
979 219
980 128
429 134
505 352
841 222
554 573
315 227
782 549
236 551
628 289
476 86
746 852
504 407
15 787
714 310
269 653
186 239
908 114
232 609
858 733
340 628
324 17
931 11
935 627
756 60
849 502
209 399
640 362
362 895
385 300
466 96
816 72
360 340
305 469
401 790
634 666
479 597
241 578
381 310
205 554
974 312
869 46
617 29
416 292
604 781
39 66
891 347
543 690
233 661
531 794
474 137
901 500
133 26
533 945
530 414
91 962
40 686
721 265
856 528
131 390
624 446
722 885
616 240
797 961
325 580
165 235
203 40
614 970
266 876
325 662
42 857
535 678
807 701
795 221
706 304
14 371
936 277
402 497
900 368
155 171
799 642
344 864
553 44
369 755
740 966
89 716
201 906
19 761
295 880
821 839
311 202
295 499
166 715
179 620
54 872
844 842
974 809
434 610
291 503
998 54
666 503
980 489
709 213
729 815
489 50
127 576
686 319
603 751
988 931
55 276
258 662
613 282
181 504
962 514
642 890
241 499
400 395
573 840
129 85
262 993
210 430
402 732
555 302
759 518
564 528
930 198
769 332
128 372
730 131
574 745
613 77
363 718
203 793
76 233
938 220
65 856
302 671
692 483
753 901
381 650
920 750
99 425
959 823
561 716
824 10
133 272
338 802
781 612
530 164
312 717
177 644
832 388
217 208
169 85
101 914
357 77
982 713
584 872
325 858
702 720
537 994
666 646
387 443
961 139
840 877
923 118
538 508
691 150
838 27
326 207
2 177
193 538
896 685
20 605
202 344
679 990
884 796
741 949
957 728
793 309
227 999
84 868
567 793
202 683
650 583
687 416
581 109
488 948
714 878
608 965
935 938
667 604
28 914
219 853
245 125
40 113
345 751
699 220
884 208
320 955
564 726
637 424
450 306
72 480
965 852
202 879
591 459
764 813
413 47
586 713
510 673
539 897
332 129
617 213
266 275
489 618
552 840
6 469
995 464
890 742
141 173
548 796
425 259
652 966
774 16
423 194
721 115
645 55
924 146
534 570
53 444
792 516
406 708
110 872
492 3
535 27
717 630
227 502
299 933
69 519
531 270
236 120
952 825
438 708
277 714
633 756
47 48
529 465
123 662
68 438
73 771
936 493
402 955
409 371
652 409
174 941
140 197
145 345
218 817
849 973
277 428
167 249
334 695
649 601
62 742
261 116
639 121
107 408
611 536
780 349
176 799
784 94
452 996
510 182
96 70
918 137
888 482
319 404
139 242
103 317
984 150
97 364
465 384
48 168
233 124
515 508
771 518
242 754
116 815
741 836
238 382
722 187
617 919
580 45
999 124
211 962
413 130
475 119
312 363
459 460
556 54
777 935
708 137
725 672
216 711
603 501
417 48
551 877
592 866
6 418
617 177
67 144
90 83
958 112
367 941
886 759
256 598
377 933
363 662
180 64
532 157
392 17
972 996
151 664
610 636
937 468
995 170
193 100
925 299
229 622
450 845
329 612
972 202
521 102
78 893
319 637
303 88
624 799
531 189
23 361
451 934
13 147
288 382
898 587
93 485
98 29
117 495
300 705
815 655
486 668
629 324
203 116
891 585
875 204
999 167
122 361
254 362
572 91
62 877
301 459
898 63
652 114
266 949
966 342
827 252
660 178
693 667
841 904
36 366
48 84
81 753
805 702
588 368
851 464
124 278
324 304
366 207
936 690
719 713
9 472
82 766
907 499
17 837
604 159
163 579
42 656
738 981
632 336
261 178
787 278
399 36
493 201
893 455
236 896
280 340
544 545
301 706
432 575
540 57
437 900
868 122
816 661
636 14
378 490
177 845
15 101
755 424
764 613
425 347
669 1000
462 798
247 28
673 493
517 52
132 86
316 923
815 435
325 579
682 4
118 547
668 215
283 115
946 401
86 356
143 743
977 721
597 88
800 182
784 587
418 581
52 680
810 499
739 427
314 168
839 892
930 952
310 842
322 808
22 169
210 841
27 773
729 483
88 277
114 133
92 293
940 763
79 89
867 756
83 26
853 514
72 777
267 598
41 626
335 880
920 486
115 794
873 330
488 1000
876 587
698 807
419 282
496 332
205 309
742 100
465 456
301 866
674 284
750 627
54 58
38 671
177 685
896 189
345 392
135 913
111 44
336 458
968 799
987 109
551 932
536 451
722 274
724 457
525 821
570 174
475 686
117 833
831 5
411 710
177 792
419 807
190 288
512 154
439 419
863 261
187 330
122 779
322 217
469 38
627 638
520 260
830 33
544 410
213 33
251 338
697 364
4 12
979 326
502 65
875 473
985 169
952 798
292 263
38 487
752 658
783 395
222 211
615 616
253 679
127 82
59 466
41 803
938 563
244 990
731 38
762 159
780 274
799 502
784 853
503 847
736 574
601 616
921 412
244 845
634 469
357 554
286 622
514 277
418 702
607 506
314 895
801 980
304 313
489 243
417 638
330 485
224 96
570 821
621 368
663 666
177 863
949 633
551 661
59 783
668 919
577 846
524 339
195 223
659 716
80 63
32 737
232 344
693 501
113 715
129 878
258 906
823 165
154 715
877 521
768 67
644 390
669 285
466 696
820 927
731 76
312 174
150 998
212 975
747 998
507 29
146 333
240 432
541 116
692 448
181 837
242 373
152 629
501 472
892 287
623 409
735 265
668 232
84 487
856 376
51 150
18 949
330 867
458 188
959 520
226 588
203 320
23 437
689 697
162 795
911 730
880 44
553 474
908 709
4 262
867 310
151 81
84 52
35 488
217 461
938 535
126 816
286 571
417 824
734 181
672 182
684 922
460 934
941 287
432 283
947 396
535 173
670 95
336 967
443 125
465 741
136 835
774 574
225 293
906 718
612 171
366 982
315 276
723 403
713 169
197 984
590 929
763 193
958 645
48 56
140 616
740 481
647 123
104 895
198 921
879 498
441 72
404 324
759 600
543 331
376 627
674 38
893 146
538 585
855 218
198 699
885 943
467 806
530 440
731 473
273 673
146 433
226 643
801 139
179 267
53 366
666 827
224 790
43 840
762 672
263 839
441 629
216 179
749 503
967 64
134 835
805 438
297 231
106 625
912 452
87 982
724 648
808 245
849 927
810 431
161 56
27 907
191 916
69 284
839 808
285 452
805 232
753 687
610 16
656 728
938 523
931 580
309 862
625 629
74 245
644 697
480 164
244 133
947 488
343 563
344 595
163 441
737 661
600 260
125 375
349 989
445 510
581 36
768 719
537 390
777 663
776 830
962 653
682 995
693 523
54 95
383 897
646 883
793 221
813 226
707 867
817 231
530 984
333 403
280 289
426 353
780 636
180 656
698 469
488 73
254 586
346 43
591 563
631 486
243 417
81 462
209 273
673 130
871 739
103 885
493 89
593 427
560 316
526 993
194 22
51 387
164 866
627 756
811 397
834 38
47 951
284 11
530 303
969 789
295 833
386 63
243 876
84 424
506 6
715 198
312 819
405 631
867 3
27 216
912 514
565 328
182 868
255 278
769 851
312 674
888 897
777 376
658 173
696 264
700 336
421 337
153 531
227 670
355 469
253 642
397 168
149 737
93 377
743 483
637 892
583 378
452 648
714 231
326 225
143 821
477 75
68 572
687 168
182 416
866 797
740 806
942 94
874 368
1 503
322 971
382 43
129 325
151 338
150 189
633 239
782 591
320 572
709 66
819 574
306 599
555 868
6 924
633 344
318 898
10 339
854 441
710 692
72 232
842 500
366 910
922 428
561 36
987 334
349 506
718 210
207 619
828 534
850 954
45 348
842 726
682 643
755 75
650 485
944 138
543 370
356 21
11 434
939 221
713 556
481 812
928 493
378 412
693 35
381 535
19 12
351 419
812 695
961 363
781 640
864 686
955 857
207 736
251 861
584 573
296 511
36 16
872 237
924 63
156 81
527 66
216 252
948 181
109 143
735 239
989 229
558 684
705 904
706 483
726 998
87 696
737 543
683 208
810 325
795 187
338 578
890 247
726 849
364 242
239 774
386 972
79 873
961 832
100 692
943 208
925 933
340 123
514 496
667 18
101 882
563 933
250 360
913 886
589 925
145 268
408 141
76 648
995 526
465 623
173 182
840 589
876 379
679 984
738 372
376 45
709 405
509 239
662 117
171 554
179 763
771 927
132 919
906 698
447 286
90 569
788 698
996 549
985 780
694 164
441 194
78 137
104 772
671 156
983 158
676 742
660 227
937 802
955 441
802 76
87 58
896 9
626 776
555 268
169 729
902 243
704 790
890 885
980 963
142 644
968 907
436 97
994 919
868 940
128 288
797 120
502 742
8 424
583 587
512 200
10 934
199 322
77 802
647 730
288 7
142 934
270 155
347 612
297 981
778 977
246 362
963 686
270 10
146 108
756 895
815 362
428 946
751 580
294 783
170 265
620 257
583 911
739 405
903 772
45 540
703 723
951 536
883 899
245 117
512 883
974 730
739 371
351 633
139 441
783 652
476 222
645 683
986 228
390 522
27 995
231 100
291 83
989 24
554 727
404 914
345 958
785 425
664 518
944 278
233 209
876 637
789 113
36 372
183 231
397 307
710 764
931 225
346 387
692 988
614 24
745 223
104 721
871 907
820 687
585 358
949 973
475 90
918 600
318 692
582 597
270 571
452 442
3 944
68 873
246 906
369 315
881 745
57 31
152 261
764 879
673 229
803 614
203 850
95 704
760 585
125 617
990 567
347 467
384 583
204 120
817 531
337 537
963 765
746 395
949 306
509 580
184 244
517 222
900 234
114 333
579 813
857 147
285 906
606 502
173 681
161 629
790 600
331 165
520 210
151 150
703 453
446 630
587 600
736 810
697 532
259 17
870 741
464 849
178 163
92 573
169 316
800 394
213 939
841 370
254 281
992 994
477 102
611 937
641 596
975 102
456 29
241 793
506 256
349 334
41 677
67 677
267 39
161 443
112 766
594 174
613 402
444 661
586 986
309 273
258 593
957 849
462 305
841 744
385 338
890 971
284 576
871 572
642 634
113 658
116 547
691 775
431 512
638 872
915 847
945 205
635 994
717 248
479 133
691 549
696 973
111 462
411 786
265 480
838 999
35 918
772 497
460 325
563 396
212 742
817 908
695 935
442 879
79 630
26 622
827 747
134 669
47 148
583 966
108 486
753 927
754 432
22 978
651 319
209 877
598 257
122 70
505 182
530 97
532 759
683 517
334 979
689 704
173 431
986 734
344 786
823 394
861 883
438 940
866 939
758 229
425 567
102 377
16 20
309 945
861 228
303 145
240 754
97 95
761 48
283 558
12 32
529 842
293 452
680 202
606 352
24 686
63 759
31 85
767 863
749 832
932 480
220 50
684 641
810 964
595 38
278 726
172 429
524 218
393 552
950 196
571 17
332 555
439 833
6 812
361 13
471 80
718 211
632 144
985 112
663 967
68 787
169 764
812 402
688 128
427 180
48 303
39 358
877 692
731 587
479 872
172 896
946 879
88 635
394 390
87 375
290 727
365 113
811 91
322 164
582 974
824 158
751 845
19 124
60 592
594 43
123 48
531 25
659 76
866 408
78 982
999 724
356 426
804 966
952 177
829 373
813 784
174 698
109 799
516 97
758 436
61 92
409 491
748 250
815 36
448 190
359 424
184 744
294 605
577 407
300 538
856 218
676 333
604 173
533 708
861 855
457 49
576 41
667 130
785 307
736 431
19 903
248 249
973 744
180 870
573 421
614 275
997 617
580 391
83 169
512 623
286 270
162 296
804 207
560 859
48 143
780 848
396 585
456 164
287 466
479 648
595 179
281 319
580 165
86 570
286 40
293 884
385 361
295 298
99 957
245 460
964 171
821 302
180 340
868 847
228 238
582 761
957 642
20 242
494 41
538 627
479 831
150 885
635 573
484 967
86 887
432 618
179 884
203 937
989 778
186 585
189 630
946 787
639 994
693 6
837 486
240 434
536 255
220 888
536 9
705 728
636 48
873 898
161 14
490 806
380 374
520 339
204 164
811 468
812 555
709 353
513 578
882 803
268 105
227 106
711 196
714 632
753 982
523 774
598 222
946 343
23 218
183 540
402 421
904 959
524 632
282 895
119 283
791 946
95 321
978 599
190 559
448 154
950 775
412 185
145 350
933 397
572 195
420 80
39 830
335 103
601 373
895 127
128 695
805 835
933 286
790 249
738 166
406 246
279 380
625 520
805 980
384 464
25 693
461 670
747 205
489 237
969 219
182 280
721 554
900 346
81 907
978 411
233 208
879 681
954 208
936 955
618 197
943 664
215 305
91 335
456 192
358 731
289 800
402 513
699 253
976 934
918 601
627 742
542 853
581 753
15 767
271 865
54 147
826 232
630 946
116 968
946 981
413 48
622 342
755 179
901 267
996 143
190 194
105 490
190 173
507 59
824 231
402 965
522 850
659 953
293 317
22 725
995 175
284 80
839 486
166 148
350 177
390 318
164 445
780 242
984 186
285 683
749 390
416 678
763 354
193 308
946 202
107 202
622 607
221 350
258 747
282 194
670 945
804 323
145 314
273 269
330 246
105 641
207 140
580 682
112 386
187 432
740 780
653 179
755 565
809 397
222 602
353 793
875 892
608 785
183 85
3 467
465 336
34 295
332 512
336 707
690 666
291 317
115 33
171 275
594 465
535 631
937 156
125 185
732 327
294 430
96 417
313 666
547 810
859 76
312 249
83 556
88 608
910 727
345 375
280 454
542 482
66 43
364 213
347 574
275 205
833 331
262 581
194 391
681 970
948 44
825 287
649 73
338 826
464 641
598 36
772 832
666 908
977 581
246 450
800 90
70 796
987 82
701 150
798 147
80 576
743 575
840 998
32 803
820 260
397 85
588 808
653 868
636 572
980 49
766 582
839 782
623 919
993 442
634 202
221 284
157 843
512 870
192 34
783 711
168 336
560 594
170 770
799 317
840 418
92 471
335 276
392 947
909 958
805 637
935 898
375 721
8 636
257 424
793 14
578 780
449 960
91 543
603 739
659 693
751 283
137 675
546 321
34 45
995 663
573 836
444 920
525 929
224 415
452 499
350 674
975 961
299 96
281 749
764 884
656 943
643 236
953 35
437 498
540 517
322 727
195 288
482 987
347 493
111 380
134 461
912 819
347 538
935 181
901 101
433 865
839 281
15 235
473 160
810 33
994 322
167 412
833 192
549 644
566 738
491 324
130 562
222 436
670 604
161 572
331 546
509 429
803 2
836 330
786 472
611 181
233 667
598 413
140 221
452 809
790 974
888 637
580 851
563 935
992 939
949 572
560 751
317 516
214 928
625 563
537 689
944 669
11 822
747 49
605 194
864 452
221 217
650 178
373 398
637 721
747 369
325 299
112 680
756 193
495 159
805 738
111 879
607 810
216 450
634 916
980 632
381 245
203 765
55 372
258 534
962 610
229 33
102 817
440 264
831 324
768 70
396 831
328 733
81 507
470 23
164 966
332 12
251 932
401 585
252 475
626 232
17 128
494 264
702 301
631 345
868 61
212 569
801 236
345 216
43 890
955 871
886 905
796 417
462 853
549 529
85 166
857 181
324 862
570 530
21 858
631 127
189 200
60 9
839 402
636 902
748 840
251 480
568 414
914 246
164 489
882 514
277 726
525 291
783 15
619 957
946 295
760 216
49 680
359 463
161 826
681 419
835 644
701 928
403 869
692 549
508 890
73 179
715 716
225 88
301 483
202 376
594 198
818 350
175 559
159 106
624 401
272 262
457 782
900 904
851 333
980 446
693 643
269 615
953 558
888 85
390 453
629 962
43 483
427 832
616 257
229 500
620 651
803 445
769 125
348 454
152 105
814 543
910 990
693 470
640 206
237 954
440 292
688 250
488 80
100 607
567 338
698 431
458 648
133 912
66 341
582 885
5 678
830 307
906 355
748 744
694 706
181 821
592 900
339 676
393 285
731 331
56 449
312 477
332 278
351 10
189 379
706 7
834 112
122 846
108 365
71 123
808 587
61 929
359 700
680 633
593 520
575 648
498 716
461 888
305 576
813 1000
395 595
343 889
456 579
93 274
365 525
103 595
973 974
886 81
130 370
32 998
325 175
224 350
580 683
27 829
131 779
996 955
978 346
170 815
323 531
213 651
457 857
22 483
562 236
600 263
267 456
451 375
586 230
913 606
902 591
850 179
245 152
176 910
395 108
350 745
770 400
271 841
708 459
211 629
656 678
175 918
489 379
168 765
818 925
724 701
980 807
587 795
513 92
287 601
328 646
817 454
360 119
373 25
697 152
996 172
778 507
39 786
553 953
879 241
95 806
725 937
318 3
85 380
32 376
68 622
270 166
436 202
878 228
565 179
749 182
161 309
678 394
920 518
547 765
35 873
160 360
422 382
398 297
174 668
140 468
322 403
467 38
328 549
915 378
480 843
409 219
193 358
359 305
86 491
179 183
52 687
36 788
313 829
562 332
850 448
562 479
755 293
639 223
364 431
990 143
888 721
814 185
343 611
749 540
793 834
847 435
776 528
213 687
3 417
336 898
452 56
523 245
948 215
529 28
819 944
21 62
214 577
505 835
608 28
168 685
43 299
628 730
303 544
860 354
73 528
661 127
208 249
523 114
998 464
360 452
893 230
859 58
660 185
702 468
25 582
377 775
86 873
307 620
803 595
751 105
897 394
402 872
419 858
726 209
831 1
781 812
6 525
631 964
643 791
920 836
479 251
998 653
734 615
962 101
221 848
422 73
355 520
786 164
694 549
535 995
248 865
265 659
692 14
711 226
596 208
886 844
668 55
193 209
291 387
32 209
164 502
347 699
247 947
285 658
288 442
562 368
139 513
737 766
960 27
707 545
463 120
981 507
550 352
425 529
317 515
817 959
300 847
2 61
844 443
614 390
322 624
67 577
763 684
658 509
489 247
306 487
14 908
371 247
297 760
851 193
818 266
693 686
343 357
305 310
487 522
129 64
867 952
135 430
698 182
882 443
827 262
404 61
524 478
751 175
418 209
621 533
479 936
6 40
154 727
284 650
266 397
285 127
638 855
604 835
772 631
310 252
483 314
157 37
312 178
962 180
214 41
697 65
146 329
75 373
241 77
955 777
226 763
804 774
135 387
459 99
535 135
100 791
302 559
599 303
359 522
986 848
477 603
886 825
134 712
375 316
615 382
786 399
957 194
43 526
434 129
198 174
576 114
451 862
246 162
662 744
365 552
273 187
473 639
24 859
615 606
923 365
46 236
526 314
286 575
793 649
871 522
451 525
469 860
795 90
115 952
405 452
561 310
227 774
254 45
210 428
275 936
183 115
774 562
393 916
814 979
376 187
230 42
698 872
55 437
718 367
516 203
115 214
634 582
246 550
846 467
828 618
907 309
157 374
128 100
989 473
896 121
346 160
163 938
275 356
132 571
461 177
502 551
67 6
224 571
177 971
497 118
298 97
945 560
180 77
973 312
846 574
10 810
825 257
61 847
464 679
528 812
788 558
970 401
146 79
274 408
493 804
579 959
173 361
87 652
451 162
18 917
381 943
900 646
244 717
805 434
843 195
26 299
430 457
587 198
404 550
3 25
226 178
286 648
782 781
847 297
776 486
525 21
504 191
754 844
766 699
782 700
144 112
92 350
257 823
559 330
581 270
598 676
582 89
538 211
34 434
490 144
276 363
817 57
323 816
340 626
468 608
861 464
663 734
796 300
79 279
390 422
931 978
173 213
609 296
497 982
149 197
232 261
360 346
267 774
56 563
932 572
699 795
107 852
73 964
864 969
225 769
546 29
206 322
916 511
76 364
829 938
963 956
433 921
423 878
281 817
798 782
184 225
613 821
851 896
178 574
986 153
473 74
807 853
209 576
431 65
658 391
860 993
579 923
502 126
400 298
860 912
373 963
429 945
431 167
821 619
808 326
289 716
710 349
134 532
684 824
406 82
689 598
469 562
698 748
292 93
810 542
5 816
373 150
176 766
415 401
589 838
954 453
979 106
639 60
988 228
940 647
962 971
943 636
658 495
415 183
879 626
419 176
77 404
124 593
185 979
681 950
223 783
135 69
548 290
474 307
935 738
827 509
21 430
370 320
43 298
831 477
228 870
944 63
564 760
964 178
449 151
830 177
721 931
700 563
730 659
767 668
471 435
731 633
534 599
426 208
928 626
232 31
765 427
341 409
310 614
96 574
669 165
798 987
584 323
33 195
233 914
294 170
501 606
907 577
240 327
15 68
553 549
63 328
194 489
461 393
42 181
631 149
62 176
526 227
873 709
130 560
757 559
981 55
635 440
22 914
810 321
740 642
616 496
558 576
786 470
903 685
960 493
536 744
966 215
749 733
625 471
273 314
901 586
439 333
369 657
887 627
47 376
892 811
896 820
658 943
272 126
679 839
538 361
477 171
940 581
653 104
893 611
268 202
353 982
379 850
953 368
879 545
606 811
883 418
714 328
921 50
903 134
413 918
767 973
382 293
628 5
186 16
594 117
722 62
595 180
941 480
724 528
621 844
232 542
976 957
206 966
959 268
119 547
245 868
12 523
307 685
968 209
241 401
838 483
336 427
318 367
51 688
173 458
380 60
492 550
309 104
204 370
849 99
337 791
865 247
708 802
910 738
622 296
795 686
500 321
502 762
892 54
323 469
696 793
290 758
151 571
298 29
905 51
890 595
321 212
632 416
259 650
167 301
27 358
75 936
444 386
14 96
307 150
115 583
199 92
46 246
900 129
631 121
817 969
311 727
402 273
648 73
618 162
62 319
526 110
236 118
424 120
740 678
891 818
804 731
363 125
420 204
27 930
209 770
417 834
804 298
588 705
735 882
611 948
867 394
608 554
202 279
884 719
867 539
323 483
103 85
430 255
657 329
586 113
223 383
614 419
742 372
905 907
379 894
392 845
85 960
690 354
859 697
987 492
552 351
663 439
849 387
956 417
561 23
980 559
803 46
423 772
606 545
898 486
349 520
595 848
23 715
638 918
381 151
21 486
742 176
928 362
910 988
507 353
919 918
116 971
314 962
973 213
650 952
198 700
492 409
932 846
129 623
929 960
470 416
367 536
212 627
189 264
119 75
156 247
216 410
215 596
351 116
703 227
195 536
783 187
975 580
511 882
437 635
973 537
665 792
613 754
251 911
912 539
532 616
394 749
647 873
190 748
448 475
276 378
622 755
143 574
537 819
701 224
279 78
778 891
429 989
913 16
827 566
814 304
173 472
892 764
386 525
206 416
390 603
192 254
729 393
952 680
75 523
704 89
45 943
412 625
897 710
435 643
809 498
996 820
19 867
906 540
410 335
193 885
505 587
695 931
550 907
295 568
650 537
153 487
872 905
335 779
603 619
984 535
470 550
789 178
723 434
484 326
340 994
626 539
811 951
197 584
418 167
976 901
834 639
318 340
251 579
16 662
553 799
423 11
232 36
574 756
96 531
830 322
647 376
356 205
764 194
178 733
882 53
755 257
578 229
872 99
718 197
91 921
368 258
518 382
77 742
578 397
266 73
726 253
194 386
677 471
199 151
327 98
296 462
139 936
928 19
692 52
490 908
930 609
271 427
368 480
459 955
320 323
843 17
990 960
352 596
758 428
151 182
99 225
501 189
256 958
477 932
5 541
724 347
842 673
877 451
201 802
753 765
899 33
858 437
631 756
601 284
458 64
315 151
898 106
202 303
455 915
594 989
443 75
615 945
656 56
236 514
366 689
438 194
563 667
849 471
965 211
931 95
862 613
132 952
234 254
141 610
533 864
680 492
348 362
167 742
6 800
232 467
30 170
784 442
15 530
678 316
746 228
159 467
841 648
91 57
946 454
48 52
131 75
444 341
647 446
730 656
177 560
569 278
219 413
682 543
224 629
502 620
547 715
859 173
787 312
237 785
272 923
595 727
941 959
138 828
323 504
587 615
627 294
794 920
122 930
216 419
416 37
845 308
406 576
891 526
159 932
354 224
910 67
852 73
511 778
222 443
973 545
577 216
406 674
134 893
504 572
127 378
936 361
312 579
465 823
355 359
999 950
485 1000
967 404
182 756
768 168
972 494
630 246
244 949
942 306
9 630
486 862
567 707
571 516
74 84
628 979
360 246
573 110
848 111
55 769
109 718
774 810
757 98
643 811
482 576
272 142
934 286
681 358
340 367
295 738
82 237
291 11
292 848
793 973
227 893
605 112
620 812
884 57
277 85
957 947
564 959
258 422
129 70
933 23
793 239
902 315
976 5
724 529
46 765
858 527
401 838
955 335
217 558
237 979
76 471
199 244
306 952
608 280
965 45
205 134
337 790
530 575
342 481
986 162
623 80
401 497
169 801
43 68
445 1000
483 141
212 981
289 324
920 674
17 690
470 500
385 858
207 707
612 56
962 84
411 966
194 458
915 393
489 798
892 227
873 672
299 761
36 584
937 131
562 560
669 716
505 129
434 191
722 645
187 605
31 580
268 314
514 574
149 521
900 311
232 945
230 748
305 827
342 766
226 287
301 335
139 444
140 83
676 365
878 783
323 568
602 853
988 318
182 365
720 964
572 61
961 754
693 799
609 32
721 558
574 25
393 539
528 74
599 387
414 419
16 894
179 730
110 626
811 573
315 298
667 561
524 158
229 352
116 290
286 249
289 843
767 992
271 626
245 875
376 923
856 612
654 984
128 102
57 320
522 282
984 957
375 952
525 917
587 880
3 676
816 898
377 844
266 431
294 273
707 920
569 447
734 771
972 908
815 582
857 500
432 665
324 927
311 999
57 252
935 233
61 732
388 124
393 258
688 795
493 913
313 475
497 342
795 939
759 410
198 494
127 476
350 181
26 535
647 987
173 676
86 454
855 532
648 102
723 682
80 600
190 749
257 766
598 361
395 596
72 679
969 703
554 771
396 903
626 910
362 272
435 484
662 560
277 457
480 203
889 753
257 821
79 66
435 276
448 920
880 955
20 540
883 492
573 376
957 537
809 103
780 54
234 8
440 903
903 184
48 252
727 532
659 812
50 424
951 172
737 224
3 612
214 568
8 976
419 500
292 590
885 585
409 686
68 917
470 769
717 438
323 225
668 763
542 196
581 610
967 585
289 34
305 859
214 228
161 488
215 789
882 50
833 478
228 384
752 522
199 257
366 274
833 335
137 208
722 787
307 160
626 446
517 61
665 842
481 597
874 900
356 435
913 320
213 135
930 721
109 822
420 807
147 745
244 547
589 23
844 702
615 637
796 825
890 76
148 792
166 481
757 123
867 372
391 388
89 724
383 414
365 895
957 347
616 707
883 603
207 29
871 10
908 16
657 703
73 473
970 809
220 152
348 69
831 872
44 334
135 161
482 671
547 289
361 470
253 192
457 971
63 579
29 559
71 767
362 968
182 119
148 195
223 777
906 787
135 71
57 271
185 834
133 674
755 81
167 967
557 315
834 576
337 920
379 357
142 515
159 611
822 161
825 899
399 144
717 437
333 428
940 340
270 359
5 723
94 683
298 916
134 310
624 517
708 863
748 668
324 576
878 107
330 517
835 287
393 201
412 35
802 375
973 510
522 790
725 365
906 393
564 173
415 797
364 955
97 720
169 163
291 656
290 805
739 238
563 284
835 515
782 62
164 497
402 442
574 188
753 783
554 840
100 690
800 344
322 660
839 857
307 376
678 345
599 613
349 672
459 533
387 304
800 439
382 879
413 936
992 943
408 592
66 889
281 128
268 196
704 130
408 511
686 22
33 982
732 848
37 530
813 497
135 133
211 355
286 371
141 564
182 160
348 216
775 949
188 625
872 962
615 186
709 177
954 168
404 73
654 804
962 719
621 842
253 454
992 346
116 834
525 723
671 154
622 460
826 209
43 153
466 544
968 802
91 181
76 295
665 710
522 89
584 274
381 580
128 296
389 95
742 583
655 852
214 44
859 313
535 802
998 187
503 198
985 323
327 404
742 673
764 489
982 400
313 559
236 104
544 445
394 872
531 169
143 695
237 312
648 75
23 349
354 116
853 30
658 92
718 916
113 507
773 701
193 291
451 835
329 291
183 648
334 524
409 379
541 546
916 777
586 413
199 674
572 216
205 801
174 850
244 825
597 891
13 474
678 468
738 902
595 278
559 435
395 870
783 827
742 362
473 817
391 242
400 847
366 622
572 941
422 780
738 389
166 922
280 789
745 423
675 396
859 699
948 920
834 459
148 276
197 961
680 421
955 253
63 1000
646 771
732 457
988 867
845 806
718 12
976 923
423 400
523 46
337 87
48 398
803 270
641 191
932 618
223 615
208 196
155 975
719 388
660 124
850 670
834 827
873 839
581 542
985 701
414 911
678 616
806 445
994 949
958 200
817 696
195 764
802 332
414 542
898 987
80 172
959 230
806 159
631 695
4 941
521 29
838 18
890 484
235 729
164 555
626 490
900 103
648 152
812 923
355 192
28 170
545 824
751 483
952 878
41 49
539 350
961 224
924 492
563 340
32 796
311 426
558 601
101 978
106 632
434 51
877 477
421 311
211 223
339 914
620 1
268 430
269 963
400 126
224 338
79 988
923 330
301 434
122 369
306 328
225 120
278 994
745 609
339 240
837 145
982 858
914 666
420 343
685 349
63 729
288 929
816 814
220 36
665 209
206 243
906 749
979 945
512 556
987 458
20 883
824 230
918 796
79 272
281 329
102 915
728 542
436 739
906 975
980 700
509 868
115 901
501 948
618 452
342 332
38 597
441 109
208 160
483 486
64 201
68 692
275 498
5 165
973 875
579 64
103 882
930 298
94 607
55 975
259 550
223 377
354 504
831 126
636 6
782 406
865 255
821 180
256 628
919 523
691 605
186 933
328 218
820 124
587 347
981 943
104 429
88 818
222 364
769 827
517 77
558 667
995 95
725 426
356 515
359 732
716 227
978 396
222 108
686 165
743 570
383 187
350 778
667 414
843 27
689 762
585 569
213 984
17 197
478 869
701 115
919 60
394 691
634 86
840 713
468 266
179 857
550 158
397 589
839 922
879 921
333 995
701 853
794 41
283 548
158 688
805 919
349 315
446 274
666 209
603 984
324 239
435 782
720 796
667 587
853 876
659 843
970 520
954 149
37 863
923 112
730 636
422 566
573 750
486 270
797 730
798 173
312 444
479 944
531 611
15 306
146 703
150 867
431 546
198 875
923 892
509 618
792 228
170 216
777 880
121 572
781 808
801 106
985 757
108 636
94 571
705 758
318 35
85 284
857 307
752 449
721 364
122 34
319 735
434 439
81 251
596 767
597 109
89 123
507 964
65 436
933 800
899 976
772 98
352 899
499 852
540 966
182 776
156 991
23 445
985 177
31 651
648 63
355 361
965 736
1 651
476 467
187 672
264 439
174 926
476 322
538 453
637 793
726 586
35 325
365 866
465 608
136 960
690 27
712 575
303 604
278 938
742 335
524 918
62 813
999 116
850 228
961 645
776 335
405 142
340 949
924 490
400 514
333 156
225 499
194 610
604 57
570 505
720 550
516 999
851 400
251 748
372 583
586 623
915 943
946 966
129 870
4 630
72 374
834 677
651 985
360 36
79 780
74 70
384 852
423 205
229 782
17 918
878 149
492 432
226 516
578 721
65 898
372 826
863 720
76 6
183 775
958 188
803 849
682 162
445 200
797 147
929 795
792 525
26 561
192 809
448 323
194 379
198 849
161 610
695 997
886 172
688 893
84 350
505 135
434 189
824 787
754 498
403 906
687 922
643 320
3 33
938 652
588 486
678 378
4 413
135 949
62 751
856 188
72 619
652 192
328 501
330 303
723 204
218 249
121 162
139 271
571 256
954 504
184 1000
335 131
235 503
159 890
888 491
121 508
785 563
614 128
427 822
779 477
656 288
566 277
290 226
920 341
6 22
99 846
97 393
30 224
819 797
660 287
842 646
572 611
314 351
208 310
741 404
655 612
31 121
461 173
309 553
765 511
878 198
848 501
632 428
595 544
502 682
546 100
626 182
238 208
534 909
35 175
812 743
315 857
892 85
962 965
427 400
381 841
809 648
276 715
939 381
173 785
764 435
970 413
56 437
790 736
310 424
95 124
905 270
528 959
691 285
182 912
60 372
287 599
430 354
303 976
967 457
94 79
387 109
987 912
144 854
566 969
718 864
149 555
289 863
942 360
230 654
85 78
748 79
931 761
182 557
164 232
58 631
594 613
520 768
940 633
944 636
184 789
996 928
406 148
766 270
663 500
83 246
434 628
827 247
6 936
690 261
818 462
662 167
977 311
262 209
871 855
49 228
615 196
72 67
453 586
440 743
888 229
816 66
873 119
358 761
31 301
868 702
413 125
507 270
668 757
760 654
190 273
85 549
51 749
342 654
731 31
768 3
698 332
640 57
151 670
464 458
513 881
332 81
336 148
372 882
1000 443
553 973
55 895
756 920
5 70
618 921
13 635
774 622
778 926
669 897
352 777
422 177
355 110
930 636
863 462
867 11
557 955
597 254
504 547
537 252
514 706
812 783
544 85
909 355
364 134
19 549
5 538
378 806
822 831
179 811
198 5
71 265
623 812
883 831
918 258
956 945
581 779
123 966
490 335
254 316
951 718
255 205
537 558
496 756
46 40
898 105
279 927
59 730
154 137
491 952
510 100
257 128
168 465
577 607
372 77
10 456
429 386
983 575
344 678
550 938
366 551
662 208
439 809
421 878
580 313
618 244
637 696
68 213
585 453
841 851
185 983
936 633
814 894
242 924
105 104
894 424
695 137
592 630
51 811
824 617
822 52
845 237
771 726
258 959
977 61
355 609
262 991
525 731
750 346
507 701
206 648
891 384
266 357
981 471
927 616
894 533
255 873
105 310
57 88
555 169
975 892
65 933
433 953
790 991
593 399
556 789
298 37
32 409
674 840
753 193
965 797
427 472
85 140
51 276
960 596
354 255
861 860
549 654
297 5
959 543
411 29
286 923
938 774
796 232
523 864
487 159
344 215
630 245
778 830
395 926
343 828
783 515
987 841
288 669
202 511
402 921
110 891
439 111
398 463
762 390
822 724
145 550
760 155
525 315
249 666
68 186
710 889
457 997
332 759
205 383
335 972
291 362
370 273
870 869
964 3
345 757
552 645
312 490
591 300
538 856
105 213
877 623
755 47
724 754
618 285
176 312
488 122
142 541
396 366
767 700
973 45
242 57
388 869
150 780
176 407
30 310
553 875
596 975
247 441
263 692
837 863
531 860
165 486
422 31
80 194
262 628
490 801
53 273
626 117
221 911
351 28
57 867
881 1
38 94
496 225
43 756
910 34
52 846
571 982
700 562
27 152
74 405
662 626
311 576
739 413
904 934
652 572
799 135
406 531
438 589
957 897
610 571
580 814
766 561
857 891
696 439
404 580
331 620
919 103
156 78
406 564
70 139
697 851
461 518
174 149
712 604
31 244
13 297
714 438
440 895
561 297
859 524
642 42
220 66
572 943
300 170
943 560
300 62
150 492
188 535
988 974
71 938
354 179
171 300
48 49
160 731
582 562
972 602
45 412
894 371
38 559
544 928
142 761
255 848
445 920
265 18
621 735
622 200
664 488
441 817
975 820
800 760
674 769
693 99
684 563
332 900
797 197
566 386
19 189
847 835
703 239
762 681
725 291
374 179
601 877
437 815
839 479
198 493
403 715
665 796
740 352
133 350
429 567
73 605
948 373
587 415
221 693
826 777
994 503
98 160
285 688
469 455
329 332
348 568
313 811
575 519
923 46
943 35
302 153
675 897
514 513
218 872
368 880
382 370
433 367
567 516
749 673
24 956
97 218
907 460
376 399
653 91
800 497
140 114
362 174
805 858
844 970
828 455
947 85
596 91
307 648
106 171
24 65
724 775
451 381
15 868
16 206
490 157
201 326
789 333
752 982
745 25
759 864
922 337
923 648
620 598
713 332
716 917
92 159
423 289
278 556
194 939
965 430
750 716
825 763
302 909
556 10
629 593
189 868
918 737
181 53
157 198
341 537
142 554
607 201
194 845
604 768
589 84
730 986
33 58
241 191
688 506
172 555
502 806
727 916
864 667
350 890
1000 459
468 848
407 836
203 37
97 570
597 253
155 390
467 408
566 648
473 879
383 212
705 340
243 917
644 724
18 773
207 331
317 791
70 49
387 325
532 927
224 385
352 694
661 407
600 92
657 491
956 33
387 358
338 264
770 189
685 302
443 79
213 731
407 744
845 680
993 157
903 264
262 400
10 457
448 534
840 412
314 67
775 850
188 616
124 622
738 570
703 572
478 993
618 4
196 178
181 258
903 478
438 403
521 701
977 419
392 615
104 785
67 423
16 615
489 931
1000 391
520 590
712 191
478 762
20 230
885 844
216 649
349 289
848 446
760 538
302 827
964 492
289 188
308 72
825 98
203 786
755 481
886 565
104 237
30 757
638 622
877 974
240 191
843 834
180 254
575 411
208 827
707 275
446 325
798 766
88 865
751 698
222 300
539 506
722 844
144 610
970 466
347 817
41 510
368 208
408 919
501 236
855 729
514 679
201 736
255 317
863 178
442 762
518 523
725 61
818 881
53 752
274 767
573 498
499 628
960 482
814 509
852 176
579 664
49 645
939 350
804 307
986 842
1 570
166 512
294 597
596 189
62 753
980 92
245 609
841 306
474 813
550 666
143 784
194 661
36 541
564 65
605 170
875 940
415 1
64 659
942 242
380 629
966 660
578 72
738 623
352 158
581 995
659 873
589 472
550 806
419 288
591 190
370 270
958 663
944 65
160 688
31 343
754 364
309 450
370 271
152 387
928 548
125 890
162 228
552 932
185 61
403 242
175 827
483 288
858 220
64 946
200 542
609 934
423 860
264 827
53 117
893 486
108 610
402 985
354 446
542 317
800 844
330 695
5 413
796 440
393 379
490 945
101 949
191 525
886 819
451 57
857 47
255 320
865 756
757 526
813 876
909 345
878 582
296 168
188 398
264 454
782 904
549 899
320 33
218 661
350 398
776 353
135 550
946 177
912 353
258 111
995 708
836 704
434 876
420 431
991 528
831 975
213 752
16 84
517 556
709 112
529 778
270 964
385 50
956 463
135 234
130 30
214 673
732 166
804 235
167 725
738 627
480 367
926 258
448 717
214 528
346 392
898 483
931 79
43 472
650 320
176 199
985 887
12 597
196 138
586 574
772 819
775 184
198 919
593 244
162 153
403 161
868 875
63 203
156 447
621 589
753 477
346 93
347 268
95 698
797 418
411 747
780 688
910 707
470 74
678 623
350 524
990 572
741 95
260 419
498 914
852 709
752 625
697 464
605 303
243 666
905 163
374 176
212 715
213 126
485 761
108 356
491 372
643 627
369 784
485 842
761 487
890 197
349 683
820 296
613 74
681 230
331 301
245 175
317 242
579 707
662 654
575 919
819 481
583 614
988 504
182 547
196 740
227 586
728 933
107 480
128 619
885 17
353 928
645 775
581 153
374 905
110 675
201 325
864 387
521 369
999 45
512 559
694 347
417 429
92 233
183 194
519 356
632 14
813 71
615 255
466 818
103 427
486 305
289 875
381 197
3 355
148 154
646 873
573 711
764 906
357 44
267 403
73 637
385 425
663 954
81 26
639 33
472 681
942 146
474 123
346 814
437 486
795 812
430 870
406 863
388 830
134 334
997 254
105 462
307 879
683 35
945 241
692 275
716 425
934 368
57 852
670 334
569 185
329 700
38 20
792 472
618 790
394 860
291 760
520 482
423 731
619 604
856 314
714 952
622 801
494 660
397 261
62 504
320 247
374 446
340 250
476 458
853 324
325 251
236 458
330 131
645 456
565 652
853 309
16 510
954 203
480 235
269 704
828 484
23 842
600 414
124 905
430 824
788 586
475 465
439 186
172 279
148 303
366 549
132 933
205 345
262 288
466 135
763 999
842 506
736 105
591 165
189 933
689 101
525 759
713 367
39 679
371 943
119 597
409 654
360 444
323 48
897 225
863 842
849 232
815 951
300 288
251 690
323 193
750 344
200 404
509 758
629 677
686 660
247 294
301 650
105 281
967 553
697 189
436 919
402 867
260 325
803 553
308 73
275 128
99 324
852 654
464 327
342 184
471 540
204 185
189 331
463 668
872 211
378 132
324 866
274 75
661 685
701 464
901 254
596 762
635 84
203 739
347 816
481 742
688 852
542 783
434 148
696 191
893 489
38 274
634 151
191 752
201 880
170 654
75 795
916 819
611 189
540 231
580 820
670 870
180 724
566 951
112 228
990 195
629 257
991 686
170 972
637 790
139 407
411 426
69 218
624 143
932 216
826 194
153 791
61 422
510 555
395 894
69 107
900 525
885 201
577 648
267 440
784 110
650 404
918 249
63 530
62 931
470 752
344 644
880 598
421 768
927 10
396 578
73 731
205 462
838 399
210 356
31 342
417 198
76 637
665 424
833 862
542 870
393 801
855 485
125 136
661 156
205 433
816 443
523 151
45 455
817 438
677 856
677 854
931 442
504 864
543 745
301 750
475 647
939 116
636 474
194 37
440 221
777 226
781 730
839 356
531 975
806 375
772 291
22 710
27 380
378 152
659 115
274 431
441 614
902 565
961 111
907 833
574 205
49 966
781 269
575 749
647 305
249 143
356 853
947 74
362 406
681 26
637 841
472 963
586 409
550 308
734 17
115 611
889 72
636 723
620 168
308 822
701 809
188 860
615 871
896 645
261 893
68 265
196 326
185 563
296 628
835 498
943 562
323 861
789 152
295 483
709 136
478 958
105 38
34 250
551 515
493 439
314 346
579 330
553 975
599 791
639 845
381 258
163 595
6 15
14 224
391 707
609 859
786 547
552 897
47 918
281 685
376 749
485 437
603 126
930 258
583 704
474 134
318 111
856 914
817 700
910 371
295 631
479 56
119 65
86 138
212 724
87 532
362 951
153 738
795 863
439 231
562 638
599 441
268 757
51 255
201 371
915 358
40 876
528 961
31 662
195 828
549 981
511 94
773 669
430 464
705 821
93 362
465 899
377 207
395 984
444 561
589 970
27 585
279 298
581 358
344 943
329 61
827 810
258 483
269 292
31 234
141 406
658 512
509 316
98 597
66 42
486 212
949 740
932 502
182 253
590 750
997 680
429 300
124 580
896 399
577 914
851 367
870 57
618 46
659 672
427 63
127 609
745 161
46 574
437 195
393 690
665 352
210 447
765 47
408 760
642 624
994 883
977 668
669 297
967 580
803 703
898 665
460 10
759 678
831 21
857 426
790 760
659 348
473 433
755 263
60 727
332 76
830 471
366 881
247 99
964 537
316 568
446 431
986 864
661 36
203 86
591 971
706 99
514 814
911 976
182 960
199 34
42 564
265 712
198 350
199 947
348 623
757 965
440 574
596 453
317 164
657 207
105 922
863 233
296 97
44 775
602 581
658 819
861 984
398 590
758 64
909 66
639 199
417 780
970 112
663 55
741 819
460 914
989 37
809 327
573 294
900 554
616 855
192 61
144 482
104 847
724 805
327 560
824 927
605 102
555 849
737 150
291 851
651 322
391 71
563 526
561 801
7 119
56 946
765 209
548 297
253 61
937 930
81 78
572 695
189 789
438 256
375 895
581 688
160 628
967 667
200 405
220 584
924 590
797 504
759 650
545 496
125 950
699 651
42 410
265 441
216 425
971 267
656 164
143 137
479 112
374 697
7 729
620 65
666 838
338 791
320 310
506 33
933 812
961 51
799 823
1000 711
32 233
820 370
415 574
248 583
526 4
305 640
75 794
889 450
248 438
782 861
783 524
680 995
18 758
809 129
848 681
210 654
391 487
753 620
511 372
171 889
232 889
766 762
839 634
684 569
296 778
903 473
210 944
192 427
301 7
818 179
656 26
911 243
325 385
47 567
432 73
162 318
182 165
140 973
828 751
775 944
301 809
246 195
676 779
42 939
974 48
850 2
470 979
181 356
239 385
410 722
911 438
916 88
708 154
746 341
43 820
149 472
812 360
996 157
292 829
66 326
416 377
734 809
271 53
842 979
954 745
919 873
333 732
959 120
708 952
322 111
489 998
673 48
912 776
774 578
313 449
132 131
389 892
199 85
535 543
739 160
584 979
895 557
306 593
370 579
4 212
614 911
173 715
321 888
956 790
369 596
633 647
359 369
311 498
518 760
991 380
122 854
639 270
767 453
330 216
848 661
188 238
904 647
70 142
897 578
198 483
98 735
637 938
784 60
692 733
953 859
440 770
183 986
535 161
637 539
362 107
239 483
168 416
812 326
770 733
667 902
115 222
371 72
796 12
14 12
296 332
664 815
775 37
375 513
733 802
31 309
129 213
537 208
223 733
663 912
621 33
262 11
893 53
567 308
113 739
384 901
918 710
557 382
650 416
707 145
835 100
180 311
371 993
642 540
464 482
800 652
428 581
176 438
697 244
589 62
493 105
612 481
759 370
928 288
551 70
844 204
4 795
705 690
707 348
925 397
69 827
473 118
304 801
66 255
271 348
917 822
868 427
302 450
363 304
182 916
826 788
192 952
778 915
565 489
89 288
880 501
260 795
402 511
131 199
294 689
867 241
562 673
725 243
106 613
396 225
400 228
634 640
792 954
79 810
849 145
173 465
306 242
783 580
680 955
650 450
535 487
22 158
260 519
136 525
429 248
606 968
899 488
3 319
84 818
893 548
625 754
292 775
222 576
44 352
64 686
373 68
270 934
987 592
310 423
885 305
79 366
848 524
157 560
965 137
471 208
110 528
201 468
590 236
223 787
79 287
621 892
250 875
159 343
182 28
789 44
304 618
63 779
456 656
638 949
148 11
629 606
318 351
177 525
931 484
545 361
664 41
168 984
158 311
620 125
5 160
225 906
985 668
916 374
497 10
460 154
964 538
363 609
843 859
38 187
129 765
890 402
427 496
56 486
113 203
477 618
186 873
597 265
155 490
563 409
670 996
14 35
588 124
751 528
701 315
518 659
43 561
249 356
47 153
13 857
228 8
252 617
205 924
219 758
943 83
840 784
527 784
808 334
627 828
114 985
356 878
912 284
16 353
839 883
161 776
258 6
739 295
387 474
80 856
689 590
179 860
953 945
364 416
2 191
439 406
340 329
163 496
993 6
383 277
420 481
667 800
889 240
466 99
728 818
654 606
434 645
225 264
872 123
383 587
793 107
577 972
707 557
358 447
324 123
452 176
755 825
461 958
23 667
581 925
909 662
569 573
676 871
73 654
515 845
280 112
837 120
590 20
537 136
426 329
778 162
803 717
806 540
479 972
854 264
341 939
677 769
702 428
522 62
831 8
583 603
51 634
214 26
198 767
74 953
238 140
534 841
265 440
289 290
863 264
555 75
848 223
620 946
431 508
310 429
189 186
482 420
725 472
598 94
393 429
326 557
808 524
184 294
938 883
260 155
531 256
767 840
628 772
44 853
66 151
319 763
583 44
326 518
933 13
256 913
496 310
169 464
744 604
585 984
822 906
331 924
525 196
874 422
178 497
417 815
936 82
858 686
996 917
763 566
267 301
965 926
453 202
609 172
457 143
63 655
933 774
984 696
824 973
594 843
852 375
232 536
763 788
418 917
989 298
41 746
650 728
638 19
339 412
401 942
788 334
241 687
600 742
620 665
85 863
6 150
945 878
105 217
253 433
328 888
510 576
773 432
45 453
570 228
458 666
588 448
492 73
368 611
440 112
5 248
998 727
657 697
694 764
592 914
259 613
767 268
501 570
981 768
375 17
692 469
532 545
809 663
886 903
522 820
319 766
929 798
646 835
420 903
312 776
761 607
190 873
800 45
449 177
511 983
863 2
583 91
269 247
145 41
835 324
883 989
807 635
98 11
374 484
527 840
952 950
496 338
120 670
653 930
302 240
438 292
52 543
878 935
477 22
500 169
89 534
862 379
5 880
476 466
317 574
927 293
362 217
823 372
689 346
440 771
118 522
690 395
504 394
35 66
115 816
704 275
392 885
923 563
663 149
756 47
822 470
419 449
13 37
689 419
873 414
466 988
732 580
738 848
267 866
935 307
773 404
437 95
987 544
299 21
172 797
301 703
693 333
714 223
633 962
199 389
932 886
403 384
901 385
207 910
759 333
816 743
76 334
449 450
158 506
96 628
631 311
812 627
171 444
86 136
469 112
922 896
273 813
915 394
627 660
773 104
522 808
134 530
197 874
13 931
126 820
680 608
734 695
75 118
647 976
728 364
947 906
579 567
857 953
201 701
734 465
410 185
900 387
938 730
190 615
339 811
122 409
503 740
732 722
364 491
864 768
41 213
297 355
904 725
317 864
836 656
946 80
50 29
92 672
623 900
166 591
779 560
463 59
861 232
206 475
468 412
961 550
376 2
50 895
503 955
254 487
990 443
353 790
103 198
968 341
549 504
845 529
280 887
867 797
580 450
275 138
620 963
362 991
922 349
565 10
354 846
337 36
176 230
766 207
402 600
981 309
921 113
399 133
664 42
21 371
831 134
544 960
428 411
911 286
91 243
689 220
483 381
124 974
552 782
898 774
529 900
226 713
257 238
377 595
639 943
677 590
803 927
950 594
700 801
373 519
503 132
159 968
237 472
350 777
117 514
703 271
687 650
853 254
122 872
963 594
915 279
402 438
810 195
776 79
175 87
783 276
491 482
623 597
221 661
402 337
848 929
947 23
994 6
226 252
636 567
417 913
239 870
511 205
205 786
443 869
245 49
176 536
489 104
144 198
128 731
975 195
188 151
460 908
116 172
179 972
558 200
248 882
463 396
546 656
374 633
35 141
571 335
738 468
277 200
136 776
270 899
343 347
58 473
223 993
386 464
724 918
438 20
604 444
515 405
295 421
444 845
543 67
485 55
603 764
90 985
378 38
828 555
651 34
690 516
358 670
806 642
594 424
38 615
396 782
402 719
793 422
298 780
850 721
209 223
817 536
458 999
894 542
767 945
609 926
649 295
432 713
100 150
197 638
648 888
392 54
929 881
255 731
863 408
222 272
920 620
708 651
948 186
435 105
773 817
908 536
69 451
155 23
914 280
109 932
94 8
614 707
467 150
822 796
201 966
19 693
442 472
118 781
213 631
625 607
862 412
794 228
244 851
634 487
88 511
253 923
149 832
962 949
822 857
547 373
767 150
434 678
418 803
774 588
279 562
706 858
768 533
932 915
788 728
923 711
357 143
339 396
989 346
2 708
81 837
840 54
251 189
73 681
388 588
335 745
985 904
652 440
803 283
806 686
773 447
21 314
314 308
67 20
431 607
931 447
105 331
186 746
392 357
601 713
587 938
215 869
699 568
77 836
411 688
673 69
640 314
68 537
570 967
451 684
401 27
789 551
705 724
688 390
542 289
356 284
277 904
367 636
282 574
772 445
973 620
706 425
412 316
739 217
635 300
420 791
762 880
636 921
69 520
416 662
737 566
347 910
60 221
776 150
634 182
389 685
415 685
986 747
754 639
478 327
545 568
748 97
566 918
809 275
745 667
247 655
880 824
166 691
466 409
819 679
533 605
720 956
607 460
790 100
802 296
102 140
476 152
568 852
292 892
205 653
477 241
427 671
580 495
798 418
178 703
365 80
681 612
976 628
336 723
813 95
724 974
139 112
934 643
50 525
954 87
78 71
426 492
508 160
146 991
627 170
185 131
920 202
704 673
262 9
409 587
323 13
396 839
630 729
294 446
556 37
261 335
929 253
387 893
475 887
242 86
760 743
690 814
364 581
932 887
38 770
720 181
21 560
575 249
831 67
635 834
817 768
604 607
863 306
384 596
424 513
260 431
613 775
433 853
341 68
87 416
26 748
579 792
873 563
360 962
629 182
972 249
22 592
424 319
317 44
212 326
506 103
382 530
255 352
626 372
679 450
723 690
868 393
322 565
566 848
518 983
724 328
815 115
84 239
729 246
69 381
292 476
117 97
636 643
123 560
398 736
791 91
957 335
378 750
487 384
58 736
442 259
6 640
649 759
249 891
619 854
343 705
658 639
127 894
75 659
187 61
357 997
470 716
896 531
179 657
589 698
457 983
314 936
435 25
957 898
345 790
989 273
977 587
258 691
152 178
673 592
394 83
180 576
110 385
862 912
573 707
546 458
642 892
214 419
492 833
721 957
997 24
871 563
327 529
59 547
685 683
363 837
308 194
916 385
976 156
61 534
996 87
228 57
982 134
233 645
958 239
329 399
241 3
994 707
851 906
601 803
564 209
213 429
458 260
600 474
302 305
138 754
514 813
216 50
924 382
322 486
895 850
736 852
133 462
969 753
643 369
903 835
481 440
762 27
834 508
982 556
841 392
236 454
296 138
330 143
573 65
187 266
500 789
376 321
479 593
322 827
219 669
880 241
734 236
292 71
22 184
426 977
79 953
279 331
248 379
266 614
709 274
322 938
419 92
58 644
24 524
518 942
482 548
922 815
602 789
417 611
163 67
992 249
659 995
822 381
2 846
196 628
832 641
814 785
673 643
945 732
805 754
242 730
629 798
704 459
877 537
882 394
864 129
202 1000
137 687
160 536
286 72
253 427
416 259
57 98
688 268
379 91
554 365
510 919
204 38
740 112
613 974
85 293
657 620
640 350
53 394
521 205
887 144
1000 300
748 954
285 980
894 840
808 639
934 483
421 180
169 171
960 682
389 918
804 971
791 735
350 117
123 908
335 73
554 613
765 854
839 51
71 197
553 350
718 896
442 647
65 404
892 607
487 149
236 411
734 430
348 765
796 789
676 483
192 302
36 898
109 564
502 493
984 412
533 727
207 394
317 536
376 460
529 144
130 253
59 193
97 118
249 819
286 488
309 521
2 931
828 379
961 670
90 664
842 395
914 876
20 835
276 309
268 701
673 687
690 711
214 521
125 418
626 713
865 950
2 709
702 818
884 177
975 282
997 894
711 960
819 774
822 123
20 929
775 83
483 585
927 788
554 458
272 722
276 250
979 573
472 613
309 126
38 916
350 650
497 246
46 461
333 328
116 463
949 14
454 740
860 639
533 335
25 728
468 576
637 571
597 493
119 121
599 179
344 381
566 440
529 34
761 748
652 837
692 70
506 465
325 635
677 406
248 100
170 360
118 162
958 268
964 882
492 160
386 640
403 546
631 992
563 320
766 857
985 150
680 676
628 794
240 107
763 281
639 442
61 853
227 708
286 667
669 918
587 164
607 297
130 447
115 615
705 305
145 730
74 192
165 663
460 981
282 405
304 325
430 773
936 138
168 276
956 341
361 261
272 370
770 17
243 824
111 837
394 881
7 410
745 431
874 205
177 427
768 754
422 919
59 971
277 112
747 486
620 616
209 894
327 782
811 581
24 401
498 376
104 735
525 571
896 197
110 341
220 749
116 942
445 688
814 555
363 971
1 126
702 520
82 669
981 607
637 205
285 88
125 105
569 341
477 71
437 397
176 425
927 558
26 487
697 249
609 965
60 719
242 166
406 807
105 997
856 918
998 753
213 295
507 54
454 595
535 862
128 130
271 296
972 107
630 587
890 492
528 807
963 632
913 339
950 918
630 506
602 331
363 309
456 913
226 103
759 179
501 175
972 434
415 755
936 298
717 667
832 331
120 589
412 551
797 330
918 377
792 957
867 323
46 164
374 369
427 981
858 901
680 958
629 453
405 267
957 334
135 918
448 866
490 485
880 805
933 293
654 577
34 81
491 981
307 309
888 415
121 304
33 918
620 942
35 96
935 909
614 212
675 235
370 448
150 386
907 5
582 385
16 994
589 411
367 29
451 46
414 166
293 831
681 865
557 206
134 33
48 418
911 491
90 229
532 780
436 777
829 846
77 41
793 456
854 739
612 305
29 55
123 196
507 101
56 139
183 783
850 525
696 766
124 234
894 962
825 185
357 717
829 641
243 716
542 382
47 836
549 514
192 514
94 353
187 833
792 477
960 591
522 714
190 852
817 958
485 792
658 506
566 531
738 255
455 432
403 749
641 919
669 794
527 236
964 842
188 156
331 383
408 816
269 413
288 426
257 733
723 574
62 588
247 592
784 714
749 639
746 567
893 596
231 77
980 233
819 329
650 961
603 931
947 469
556 30
755 540
38 602
300 498
483 993
249 647
604 271
417 467
325 314
254 144
985 947
188 614
500 816
926 716
598 953
858 654
37 839
122 917
133 536
171 733
474 903
284 916
286 62
884 205
281 478
926 494
529 640
968 160
807 345
241 482
59 721
833 742
150 648
48 334
232 251
550 545
803 718
915 776
44 373
220 580
321 443
17 930
270 364
18 509
988 577
517 981
564 400
233 608
244 10
797 780
597 456
816 673
726 164
564 263
748 548
89 161
472 855
644 383
80 364
243 680
364 940
576 716
585 114
354 246
502 38
85 6
830 364
327 201
60 533
408 925
578 137
856 283
952 814
221 759
187 587
95 194
217 336
550 434
919 235
301 243
944 989
122 479
531 483
722 867
277 423
761 252
563 946
415 981
585 942
412 926
453 38
607 325
79 924
600 173
950 926
456 357
476 120
975 86
387 729
125 351
988 195
438 164
223 950
629 223
923 552
576 341
836 799
233 230
529 945
381 982
550 969
475 161
276 310
115 198
340 957
90 520
16 923
509 962
521 882
794 678
955 345
314 323
318 651
708 639
366 151
258 922
985 575
747 680
931 417
647 293
617 196
526 654
713 359
472 533
968 954
53 120
665 481
185 432
919 869
204 939
262 732
694 755
933 537
592 917
947 661
471 575
94 430
39 283
660 263
925 342
284 66
640 682
554 96
141 520
138 651
959 568
212 403
766 862
827 694
991 491
403 914
877 496
883 847
538 446
874 630
819 395
503 690
287 353
605 486
416 630
861 796
843 305
311 383
993 396
645 523
558 804
800 492
57 738
308 819
956 231
540 486
980 237
233 416
583 448
896 666
505 13
559 299
852 295
266 910
983 527
16 217
183 71
362 532
997 703
570 17
945 92
430 996
824 859
436 609
898 330
628 509
224 907
599 716
598 993
552 729
326 740
20 983
168 706
707 887
92 528
250 962
515 271
67 101
450 359
767 712
471 415
474 97
637 849
766 84
812 441
374 377
523 182
251 881
379 292
472 578
661 300
648 581
844 604
285 200
678 609
55 994
156 347
625 413
468 613
431 339
99 645
570 985
405 590
773 196
612 124
298 228
284 55
982 90
216 357
15 129
554 437
266 702
518 280
316 896
208 761
463 595
283 201
431 433
70 659
455 463
188 330
833 155
139 790
998 931
182 872
518 570
244 721
99 206
672 118
356 743
781 104
344 231
554 870
293 146
757 925
20 363
527 937
487 220
145 411
477 966
266 753
567 541
292 45
371 492
101 699
433 241
508 659
734 129
865 214
810 689
266 979
782 571
602 167
511 409
336 915
499 449
335 879
390 744
693 889
486 201
440 913
202 528
724 893
988 58
935 541
685 118
157 445
394 81
513 141
822 433
626 526
292 624
650 366
814 725
729 963
510 524
759 927
963 138
700 143
294 472
601 662
17 965
218 78
251 906
384 512
989 836
114 446
483 427
302 657
263 757
857 478
624 794
544 272
856 738
881 113
754 193
169 845
578 51
69 684
674 542
550 181
91 688
83 512
529 366
331 107
236 34
611 54
84 158
126 561
17 35
603 566
537 788
238 675
597 984
946 224
162 851
217 484
680 780
974 754
938 588
188 35
83 463
411 452
554 636
758 244
762 251
214 918
721 583
996 844
335 210
430 834
913 676
535 229
519 672
334 414
214 880
784 151
303 792
36 300
993 161
380 735
509 61
534 406
556 314
617 857
121 557
296 310
185 511
280 116
755 91
464 128
724 742
403 223
683 921
637 289
512 77
716 741
206 515
217 874
94 544
186 567
669 42
813 837
824 173
364 798
591 773
833 289
191 395
229 580
527 45
964 649
14 144
952 209
401 189
773 941
170 370
703 300
563 505
446 735
842 656
911 819
964 995
943 386
529 330
394 973
203 343
593 948
736 830
395 569
308 570
274 758
260 933
100 676
361 636
841 426
610 121
973 905
351 629
300 521
525 925
636 709
969 462
736 463
933 363
334 728
317 534
391 371
654 399
822 573
254 467
688 997
183 973
796 676
727 752
799 263
158 661
395 197
931 919
163 97
42 882
295 612
65 659
7 432
610 145
267 15
456 68
223 966
758 621
120 177
966 542
766 531
459 141
2 707
426 503
524 380
263 232
102 848
219 212
238 368
722 197
686 472
746 207
922 894
915 950
115 404
674 19
233 801
328 715
293 583
295 57
336 54
462 538
545 294
980 979
188 49
146 299
898 858
21 537
615 762
40 62
982 204
731 460
401 383
592 918
886 616
479 194
172 746
180 237
347 628
665 927
544 344
49 798
526 856
933 890
679 330
22 587
425 19
759 56
118 160
631 511
263 995
436 437
147 698
496 104
4 209
481 260
796 85
946 326
677 246
866 145
66 467
65 374
49 585
191 786
87 989
996 117
724 422
780 336
32 1000
14 680
408 519
740 904
780 295
212 225
895 108
878 794
239 520
136 997
301 469
339 222
590 320
736 346
220 171
997 557
796 648
267 474
505 699
234 27
344 759
36 277
832 860
444 530
504 509
12 366
784 223
680 256
520 681
524 145
729 885
571 86
811 583
295 366
188 670
233 995
57 333
484 180
659 616
452 426
881 520
402 643
801 283
850 773
946 964
484 27
565 798
877 732
272 847
209 292
781 790
690 813
129 423
56 663
226 545
280 505
172 575
559 714
431 338
911 120
274 235
458 412
846 578
134 391
302 741
307 849
869 763
801 267
622 960
386 755
114 716
8 33
541 329
669 820
806 119
359 259
1 857
402 504
454 75
463 225
913 12
553 37
2 293
900 422
995 664
465 901
412 592
767 484
4 110
331 512
616 722
961 570
28 663
358 170
461 691
334 387
409 1000
505 599
895 358
384 314
21 187
663 380
956 490
908 325
675 82
380 692
751 423
935 540
137 551
232 483
362 874
56 593
135 485
450 473
196 213
181 167
953 310
845 192
862 806
150 738
321 956
263 321
640 184
141 933
751 234
204 351
224 613
405 528
358 976
570 152
717 23
843 705
902 826
81 334
997 328
747 913
199 250
146 386
844 237
347 527
673 551
777 60
551 615
891 74
138 622
378 363
199 139
790 810
866 388
721 399
833 245
616 407
71 77
610 897
938 920
649 203
692 175
341 700
53 627
630 375
170 689
616 385
246 76
249 216
648 412
622 522
781 48
308 982
942 397
121 7
943 188
175 294
97 254
705 511
158 559
585 769
931 877
291 138
440 848
131 853
134 27
923 465
1 353
555 966
504 454
250 694
328 20
884 41
912 295
116 83
531 597
349 141
815 53
955 206
828 688
730 578
106 312
589 247
368 783
423 509
371 948
102 772
343 42
492 672
589 270
426 306
962 384
334 580
720 338
21 659
8 558
559 21
946 908
417 853
105 258
486 755
219 262
937 727
636 461
393 101
305 834
685 767
795 590
392 171
661 581
389 770
873 551
981 398
434 429
569 222
645 81
709 814
375 302
565 266
950 860
19 362
26 594
298 479
53 923
386 810
408 782
524 580
373 938
448 31
567 678
680 858
717 673
244 953
245 96
874 528
47 414
620 44
568 751
53 873
957 259
474 821
400 944
11 727
939 905
232 895
286 604
359 190
235 372
320 910
792 616
192 417
999 110
55 989
34 412
81 927
54 683
448 586
126 121
439 772
912 127
727 465
976 539
145 608
417 223
720 528
299 159
735 527
381 375
849 205
885 647
7 887
580 75
584 398
512 443
930 134
768 85
627 496
366 4
741 88
964 441
12 798
238 194
856 514
703 28
688 299
219 921
194 60
215 726
697 83
990 731
167 307
725 278
191 430
460 319
772 441
630 413
672 253
359 649
179 479
454 167
915 339
792 646
80 616
961 17
924 387
819 239
696 354
454 54
905 506
869 777
249 144
446 986
231 288
396 251
481 485
135 542
339 899
156 731
581 202
718 701
414 660
116 326
188 859
766 280
785 271
715 586
129 355
202 363
99 86
370 761
757 507
188 970
489 221
77 327
497 762
617 729
873 359
570 321
185 933
404 129
875 686
567 108
291 305
497 548
719 849
318 730
558 677
746 145
251 533
253 511
971 828
76 408
992 369
21 489
76 740
104 849
569 535
716 584
664 211
294 434
320 793
542 212
834 472
256 325
114 9
811 245
777 805
246 522
781 789
682 420
397 524
979 737
290 700
698 289
217 929
159 834
164 888
40 678
717 852
761 796
333 587
85 218
68 872
604 714
4 912
481 581
902 633
84 422
329 430
51 965
463 325
317 40
782 82
114 604
291 572
302 311
243 218
398 970
312 519
192 45
304 695
490 718
239 841
221 430
791 998
95 286
943 155
16 394
650 857
904 681
500 138
249 910
942 765
947 333
272 179
478 577
852 470
361 341
54 656
951 386
735 635
576 400
978 476
508 627
783 913
954 277
37 735
228 530
319 421
943 735
802 961
82 459
910 875
432 230
509 904
606 526
384 89
738 670
95 431
840 114
513 60
30 431
664 128
617 96
615 469
229 106
157 221
987 18
110 231
276 189
831 18
947 561
717 231
898 771
921 460
518 798
793 366
363 615
146 387
610 700
904 299
462 877
229 558
857 333
237 467
844 125
981 554
28 18
263 917
151 852
363 783
504 924
925 574
737 626
961 842
108 245
736 694
37 191
522 128
261 996
856 207
86 988
633 931
67 965
106 869
168 382
789 406
844 999
975 127
392 980
27 647
429 103
512 997
880 839
857 596
624 377
185 515
439 178
131 741
280 809
399 544
368 142
188 609
945 922
825 572
736 97
208 458
564 863
505 844
384 37
186 497
208 345
940 42
46 605
712 89
1 258
327 608
78 597
935 353
524 440
469 803
21 658
901 5
618 702
357 298
251 827
453 967
6 345
284 347
923 623
655 836
212 628
725 640
427 325
731 275
365 241
242 380
117 624
906 544
924 154
137 248
89 215
72 873
316 842
708 752
268 549
990 798
4 255
231 809
490 612
182 854
353 292
830 822
580 941
66 963
729 129
323 853
902 625
60 165
942 319
66 626
457 87
884 586
266 777
120 759
74 699
801 894
698 658
330 318
222 992
499 669
233 457
921 866
453 180
439 97
983 612
550 797
241 839
659 677
331 809
850 219
888 474
962 801
615 89
637 737
932 309
606 432
746 43
362 784
589 463
372 329
296 315
661 51
618 496
252 150
534 658
774 141
78 270
544 926
587 976
125 881
508 127
1000 707
180 457
734 784
493 126
195 268
249 332
36 187
626 24
40 715
498 871
561 643
532 260
327 392
756 986
890 468
174 517
986 641
143 266
754 263
437 617
369 948
208 687
653 617
455 373
80 617
283 12
923 949
511 930
226 206
173 597
361 973
508 932
917 950
292 369
387 395
460 755
762 95
874 629
253 600
201 997
878 937
442 578
331 614
799 679
411 398
2 97
884 733
118 669
774 870
386 967
897 869
242 572
802 24
337 272
138 323
529 914
366 997
202 586
25 211
478 791
983 878
660 435
589 499
1 74
384 126
59 828
275 392
410 654
65 59
629 579
355 594
63 877
401 628
410 817
674 450
287 597
147 318
115 370
741 490
356 72
364 563
186 734
80 122
595 557
209 282
337 877
284 364
507 93
555 235
259 566
501 631
798 797
268 824
454 14
878 47
661 523
220 813
632 661
816 620
359 974
126 943
608 454
830 526
740 411
445 225
321 51
252 749
573 162
109 180
971 89
402 212
919 473
229 747
161 539
991 443
425 926
977 729
27 126
503 589
179 171
112 70
256 928
924 279
728 144
198 20
240 794
927 100
62 551
178 32
373 375
130 415
258 72
885 119
361 715
452 790
879 905
715 664
44 456
540 453
365 792
306 463
482 635
399 862
495 921
37 589
24 676
757 54
335 872
818 370
54 768
145 996
955 55
496 816
45 67
963 448
488 992
395 412
146 794
628 476
521 830
205 317
479 674
278 587
229 439
485 29
153 131
55 287
662 301
906 579
297 963
210 292
163 998
721 944
208 269
745 58
376 563
513 940
436 789
155 935
137 400
545 371
842 899
536 106
954 825
578 765
30 372
413 404
363 713
734 1000
91 870
455 249
661 446
685 584
781 649
599 134
808 761
172 693
259 675
977 906
227 247
890 413
427 489
468 747
95 52
53 448
317 737
520 491
776 117
602 299
640 516
595 22
633 183
288 302
212 470
889 797
341 310
87 609
112 98
184 623
286 836
550 170
931 670
254 299
218 965
645 576
121 246
451 549
885 494
35 290
257 876
679 801
421 561
758 890
176 892
69 15
150 320
317 721
304 144
659 998
260 218
510 226
439 802
499 79
962 845
881 795
326 656
314 56
812 207
135 442
486 458
15 608
401 852
20 906
920 152
774 279
315 734
543 478
780 956
399 374
77 120
318 354
622 428
824 483
116 220
56 845
733 621
712 982
955 543
177 947
81 312
678 605
780 10
756 545
208 23
715 67
285 141
472 940
401 400
752 460
481 930
246 738
14 439
604 540
385 840
616 178
725 368
63 377
66 143
35 932
768 439
133 267
192 729
190 884
497 691
714 626
606 444
697 640
346 606
667 296
649 229
763 131
382 559
473 849
153 595
338 561
250 165
35 531
810 451
98 465
501 20
123 526
586 362
877 409
218 822
168 31
773 622
653 8
50 223
801 893
623 954
917 627
519 995
284 588
407 657
619 127
832 596
771 210
331 859
461 744
245 305
505 668
72 857
605 209
954 347
665 228
349 275
315 431
444 521
800 306
158 811
654 684
896 464
867 859
634 562
211 735
12 468
794 674
154 517
998 130
102 855
840 60
570 397
328 784
720 530
681 812
759 979
975 662
997 970
864 991
980 760
394 231
513 123
110 301
350 764
150 680
134 237
119 417
466 533
432 909
767 673
829 882
591 599
774 29
333 323
450 33
622 315
939 111
464 397
797 69
375 121
488 259
270 255
851 984
1000 510
587 913
251 36
147 993
339 88
959 838
817 873
855 913
768 403
505 320
883 688
403 910
616 317
981 107
412 314
658 62
839 367
357 219
339 679
545 976
902 160
843 408
754 486
705 234
689 685
355 433
69 387
435 361
644 915
166 459
922 797
560 658
974 553
773 578
248 329
727 947
255 142
315 237
266 571
940 531
505 719
960 241
297 699
269 517
989 809
42 853
923 520
341 208
22 310
426 583
268 144
210 973
642 835
736 42
446 463
298 541
867 964
10 365
395 337
589 323
627 176
831 282
500 522
964 249
603 427
238 386
294 432
811 870
663 793
810 863
780 731
832 104
773 302
707 38
411 741
599 12
46 884
238 220
928 312
34 695
939 86
275 195
78 692
856 215
191 383
87 446
604 708
331 104
646 481
795 953
208 765
924 195
217 65
147 874
169 230
869 585
464 703
251 302
455 344
839 246
531 321
296 142
615 591
505 24
273 354
771 511
899 50
900 281
249 35
25 370
559 501
761 641
585 874
612 812
734 133
112 436
258 504
921 296
461 735
22 496
230 119
676 917
163 58
736 232
283 130
59 125
656 613
903 174
816 272
120 125
157 520
858 695
769 142
571 382
497 629
297 945
906 865
229 438
11 79
544 467
915 533
1 85
664 787
438 386
903 76
362 760
758 700
777 613
393 876
357 419
271 855
647 472
925 214
582 823
6 252
988 634
922 413
6 371
635 450
252 445
273 736
347 403
975 797
65 838
268 989
54 55
109 117
626 33
939 196
647 527
890 410
946 600
414 758
739 147
739 119
716 977
484 638
142 28
1 920
413 241
443 559
475 69
855 718
35 745
731 580
680 722
648 475
668 83
652 616
819 41
730 404
889 301
83 354
688 896
580 32
790 341
922 853
580 873
780 283
448 212
122 311
202 463
849 888
685 402
154 106
908 183
233 467
729 502
590 561
940 736
813 366
46 423
598 720
582 181
18 847
788 604
738 495
720 419
157 635
230 19
495 661
567 176
515 269
666 227
500 829
428 50
191 861
586 922
556 310
744 297
422 547
3 735
11 248
423 79
580 82
570 273
814 358
517 591
564 569
587 903
630 891
113 846
318 93
212 960
420 693
989 932
995 315
99 334
227 133
138 958
964 614
679 205
969 849
892 813
706 45
356 502
549 545
159 917
347 669
99 44
407 383
320 271
160 440
696 218
679 307
863 22
39 592
692 142
640 993
914 128
53 596
611 86
487 147
236 401
277 561
204 631
444 198
252 875
292 738
867 540
202 483
535 39
98 304
814 234
343 520
54 687
938 229
221 182
331 858
560 608
373 491
770 7
25 68
292 218
379 723
743 204
789 138
439 769
672 860
659 882
198 463
608 90
92 171
111 889
102 852
747 385
289 809
627 215
280 84
725 878
814 529
733 991
510 584
190 330
48 367
689 893
986 493
767 672
293 579
111 204
189 530
66 351
831 889
218 2
589 17
458 533
313 238
920 770
850 575
544 638
63 446
657 689
927 705
507 32
934 295
566 818
591 884
47 839
462 824
731 369
626 105
511 761
649 38
595 14
887 114
138 549
88 840
900 227
492 218
863 485
761 615
522 655
332 285
778 533
158 822
881 142
723 42
956 696
94 785
28 203
268 346
756 152
435 251
520 353
115 784
97 1000
417 993
783 506
930 922
18 832
844 756
295 960
848 767
26 343
286 669
141 134
822 290
718 640
22 139
95 451
338 308
19 839
991 517
676 587
113 138
874 277
250 523
589 830
951 443
803 290
684 534
79 236
230 72
987 591
235 482
827 230
258 311
408 344
483 828
690 274
747 335
50 949
287 928
492 950
217 177
900 777
483 653
750 589
453 601
534 338
367 7
224 895
760 929
23 731
656 684
492 852
954 961
626 754
779 182
543 401
513 70
896 74
271 882
163 605
368 985
186 294
246 926
604 816
94 706
705 623
208 65
560 438
871 746
748 400
302 641
42 456
363 636
246 299
726 791
352 428
576 666
60 555
729 927
105 650
605 769
255 664
769 809
627 525
960 744
833 158
658 35
587 395
187 537
369 926
667 275
814 155
195 806
491 399
40 229
313 823
205 70
246 151
46 613
838 427
110 375
349 150
443 849
935 322
652 427
690 242
598 491
946 72
639 213
71 425
244 867
960 84
652 314
727 854
805 788
292 185
511 311
6 635
499 343
62 775
656 204
166 436
735 612
404 834
889 844
926 587
107 763
241 781
97 289
127 636
379 667
950 204
953 600
767 751
615 240
543 87
86 518
423 469
997 944
450 469
286 87
552 585
935 382
438 306
343 146
799 563
744 465
605 315
500 623
85 583
473 538
416 476
474 78
834 766
411 595
74 827
347 357
372 966
911 151
345 324
660 917
990 628
534 954
613 979
924 770
137 112
378 260
299 430
75 300
938 98
665 938
631 275
722 717
134 615
626 832
342 794
697 505
760 737
521 43
193 42
104 411
123 425
916 972
23 298
705 337
523 738
463 20
953 59
247 953
734 437
644 965
925 940
404 657
187 259
653 994
340 483
527 569
515 961
53 898
24 996
499 642
25 261
988 326
715 646
75 551
344 516
770 32
440 963
745 753
372 82
279 550
413 528
31 65
602 191
605 124
202 561
378 581
391 953
68 218
811 626
315 355
102 937
705 731
272 606
869 153
941 380
233 539
929 348
103 593
864 887
516 896
635 692
780 525
983 118
986 278
91 166
840 456
924 576
941 542
232 112
786 892
224 88
940 474
379 80
298 217
972 971
829 590
722 542
686 893
191 289
817 754
863 371
960 562
812 563
484 652
507 869
470 363
212 278
375 298
639 681
530 143
658 472
933 210
735 218
443 586
152 781
415 544
776 226
119 835
14 294
899 252
602 559
183 810
511 810
465 961
136 639
853 734
196 695
914 562
588 605
650 796
614 549
706 944
766 736
987 757
552 54
884 875
478 540
745 555
233 351
344 736
456 506
419 206
684 706
280 776
742 456
444 523
429 473
811 705
296 530
706 435
525 703
283 828
909 544
390 424
741 273
577 848
726 950
910 806
505 877
886 882
436 681
555 597
119 562
814 534
104 889
147 680
285 868
937 789
555 482
725 990
972 777
518 133
722 480
635 961
941 514
229 816
232 108
264 332
976 91
773 783
109 811
877 789
694 757
310 706
332 398
151 586
890 608
655 202
624 572
41 292
276 709
995 167
479 94
182 814
49 785
284 88
750 383
269 268
312 785
244 344
61 938
190 790
726 932
348 500
288 266
861 707
411 244
568 433
914 229
150 550
661 936
477 843
60 213
387 127
954 974
355 435
821 690
376 273
502 223
678 372
710 37
322 890
162 519
805 895
650 816
323 552
503 942
343 565
970 769
844 810
561 292
465 719
961 798
266 904
729 606
453 294
182 236
719 63
262 340
343 283
820 528
715 940
992 522
166 996
944 968
997 778
500 886
712 950
250 861
253 10
34 925
954 95
917 73
685 925
424 230
160 744
766 216
162 58
54 244
755 105
612 550
150 731
744 502
141 956
733 546
557 372
461 351